1169
694
1170
897
1174
281
143
1178
1179
1372
134
1167
1399
1168
1418
945
1176
981
1171
1175
1184
1212
798
193
1137
1172
946
1383
943
1177
71
1180
1166
1182
232
474
132
1077
612
319
1173
1181
1564
324
952
951
1187
944
221
1183
762
364
1394
931
1565
288
1478
928
1568
726
1136
1223
938
1019
401
935
339
931
200
237
949
1570
834
1342
937
1567
1128
1571
872
1566
1371
755
1505
1371
1127
939
929
130
1635
1189
1214
648
1185
1521
1130
1320
1434
1037
1603
924
911
1134
1142
910
914
1051
947
886
913
1572
934
1454
295
407
225
926
930
1085
942
1478
1124
1215
244
923
228
61
288
1141
1569
932
1186
933
434
927
1346
1539
1540
1534
1576
1209
1140
940
1443
420
776
746
925
1129
557
538
1217
76
1195
1599
1599
547
1138
1165
1135
1573
908
407
760
143
1133
1210
1269
1126
1204
948
1440
868
354
1144
1584
1530
905
1188
1161
1536
768
1536
937
1450
896
896
560
1537
158
1574
922
1582
375
1008
1216
1372
1372
1194
681
1619
1619
1583
186
1357
1322
887
1528
1193
1143
1221
936
1386
607
151
1454
827
1140
1192
56
877
1207
1207
1604
1579
1529
898
1198
1217
1605
1189
920
1560
1560
1560
890
1283
1534
1447
1507
1215
81
1577
1602
1600
1601
918
670
1606
1048
1169
1213
1614
1519
1613
1510
892
1544
886
1517
1197
1039
868
1411
1208
1204
1466
716
1607
1269
1621
1621
1616
1608
1608
1423
1563
1132
1450
1450
1450
1508
1139
1187
737
1155
1611
434
1535
1512
1512
1343
912
1160
1509
1388
1509
1620
963
1219
1219
1219
444
921
1371
1371
1149
1431
1562
1125
1514
1184
1467
20
600
1424
400
1424
1424
1211
1575
183
459
754
1611
1618
1058
1618
1559
1048
712
1201
950
1609
1122
1478
943
1530
1158
66
262
1538
1035
389
1511
1615
1615
1615
765
1211
1346
1519
1519
1436
906
1372
243
1372
1468
1468
821
277
717
132
1163
636
547
1058
1602
1478
1602
903
1465
779
531
741
688
1190
1263
898
863
56
845
557
1374
1272
1374
1513
1392
1513
593
801
617
593
1543
1542
255
134
1005
134
134
1479
1239
1479
184
1144
687
1265
134
802
1610
788
60
200
1308
782
444
814
1217
264
1217
907
1146
1561
875
1440
86
941
1421
1512
1196
20
893
1218
1218
1131
1557
1372
1372
211
731
1518
647
1618
1618
1168
1585
861
485
1558
1525
834
312
1525
592
1206
925
925
1604
1605
1393
1121
1629
348
69
666
1629
1001
96
1512
96
422
1557
1578
1630
1530
677
1148
1303
1419
458
1010
862
1468
1468
844
264
844
1579
1555
1233
1555
1420
26
909
1159
76
1166
814
891
487
1127
1127
613
1127
1556
426
513
1256
1202
65
277
349
1415
744
1435
745
745
404
773
232
1240
232
1214
1027
1612
988
1619
330
431
434
430
430
844
844
1554
551
1121
807
1523
427
453
1156
691
1306
244
917
550
857
857
581
857
1622
215
1115
1624
813
1622
64
581
215
857
1553
1553
948
458
458
513
842
60
561
195
60
1547
458
1547
225
962
1629
225
225
1317
543
778
540
225
1629
761
1102
244
1526
1196
1526
432
810
784
1115
784
956
802
1239
1632
26
26
26
26
562
618
1281
1433
1281
1281
1633
1631
1361
183
926
919
1380
1191
182
724
1595
1371
1513
550
1513
1513
215
1412
1412
841
841
753
588
25
979
1450
215
1469
1469
1469
484
975
68
68
1175
484
548
88
1123
1548
1548
426
990
1583
1155
1155
1095
102
425
1541
513
425
835
457
835
425
948
1524
1524
1524
1524
1524
874
1560
508
251
245
1150
843
809
839
1601
1171
782
1397
1220
1157
812
149
1636
1636
149
808
60
1539
643
670
840
1162
767
1581
1048
661
1525
1278
968
7
858
7
1525
1525
1623
821
1026
878
916
1196
1543
977
1588
429
807
807
910
386
910
197
197
1590
612
272
352
1194
1551
1634
1634
308
1596
1042
1446
929
1557
1633
361
1633
1633
1192
413
816
413
413
722
1547
739
225
225
1550
1550
1388
188
188
1550
1550
978
810
769
794
1190
1510
1510
1535
1535
521
521
1280
1433
1319
1520
832
511
1628
1174
1628
1628
1628
27
400
1219
934
1219
27
27
541
68
1617
237
237
763
763
656
283
1549
1549
1360
709
76
1211
1592
889
850
850
265
41
41
438
1455
252
850
1571
438
1454
568
1407
1171
1219
1571
545
1450
694
1450
1450
1450
123
816
276
1450
1450
123
123
1450
1609
1622
1622
165
81
156
156
81
156
815
1580
1580
1222
1222
434
434
1022
1424
1516
94
385
584
1216
855
855
94
94
94
1627
1210
1210
1627
214
1627
1469
389
700
673
1627
1139
162
224
880
162
459
126
406
609
621
918
459
630
8
459
459
976
1631
1522
32
976
1011
1345
815
342
1616
1345
1345
1036
193
815
815
215
1150
462
1589
561
717
705
1459
1552
1047
1552
58
199
237
237
237
964
1154
852
1108
1431
1145
1177
86
750
884
382
1492
660
1492
1492
1492
532
459
224
459
232
951
232
1024
232
754
1492
1492
1092
682
682
1164
781
1546
1546
1042
1546
1433
1546
1079
1520
1342
915
783
1173
470
1147
1205
1594
1458
384
716
895
1625
902
1473
1591
433
841
1473
903
582
1473
433
30
1473
805
1455
13
886
13
1564
1473
1564
13
767
886
1203
929
1203
1471
324
1193
1216
829
413
413
789
1120
1412
1187
927
1533
994
1558
462
1558
462
462
994
549
907
1548
734
1532
1625
1569
935
1038
309
1625
935
876
1211
1211
760
1534
1477
1477
788
1550
1550
771
1536
744
1493
1493
787
41
599
1306
359
252
359
480
480
480
1291
1545
884
84
336
522
247
84
385
211
778
1223
1491
537
537
1163
1499
537
1231
452
452
1313
268
1231
307
307
540
1168
790
1025
1185
1204
1204
1180
1593
275
9
311
275
275
275
1450
275
1455
1265
1593
1450
1417
1450
1450
80
1204
1450
155
1204
155
1455
986
596
455
596
935
81
1000
1036
459
459
211
1488
795
107
425
530
425
1441
455
791
1417
791
1033
592
1070
592
1033
564
871
936
564
412
1432
1611
1634
1611
1611
475
1055
475
712
475
1611
1616
19
1108
1611
1294
1611
1611
67
1055
361
1288
1055
1490
1461
1461
549
470
118
470
118
1561
1190
1561
1051
733
924
679
1552
1552
604
882
292
1283
1493
1509
1493
1232
960
297
1466
1417
994
1466
1277
794
1493
1493
1466
904
1397
1050
51
1283
168
1493
1093
1493
962
275
102
1617
1617
1617
565
791
814
1389
750
1319
1474
610
359
457
359
816
430
764
1076
1510
373
503
1470
355
1512
1522
1416
1554
185
1554
1302
1584
1554
185
911
474
991
60
60
60
60
1425
684
1089
394
745
1476
1476
492
1337
1476
1567
1567
492
492
1452
1551
492
1452
1452
745
1221
87
1221
929
376
929
929
594
594
426
426
1537
594
1342
854
1489
1607
394
1607
1607
1607
1507
1136
862
862
388
1607
1473
523
1626
140
1247
80
877
80
1566
1102
124
124
124
424
124
124
1375
725
943
1592
818
818
1428
761
446
732
761
1420
1420
1276
283
1420
843
817
1152
508
1548
1520
1097
1457
525
543
1457
1457
1478
1047
525
1209
1209
1448
1448
830
568
1466
1074
305
305
811
1209
1518
134
437
474
1215
437
437
1547
1007
1114
348
389
505
389
505
526
526
1453
1242
511
162
1453
805
478
1453
1453
852
822
852
1460
1460
1460
820
1374
1374
916
1374
823
1429
1524
1003
1034
1151
1305
611
467
467
591
627
590
590
915
590
885
56
56
1189
1141
1528
1410
1524
1524
1052
1022
1543
140
140
806
806
806
806
806
806
749
1493
1006
590
173
1014
590
530
1445
1418
1418
1346
873
10
364
532
1445
329
1473
42
544
42
1006
1223
42
42
1525
874
42
391
42
1445
31
31
8
407
1445
1223
1525
1525
468
305
1080
468
1068
874
1164
590
1283
1445
989
989
597
869
392
728
1461
1461
1461
1126
108
108
1302
819
819
819
819
129
1302
1302
1302
1302
1296
563
344
1050
1117
807
530
587
733
488
1236
733
563
1559
1559
553
1559
1559
1252
483
1559
996
1559
1236
13
1422
1636
1217
458
458
127
737
458
458
1449
921
1449
1476
531
432
1159
432
1131
1068
1476
892
1270
353
1476
1451
1451
1026
451
1451
1451
451
451
1068
1575
958
1068
371
42
1138
1138
1144
689
1507
1507
1118
1014
562
1118
1153
497
1421
582
1421
582
618
777
1153
1604
1015
562
1604
1604
1098
1117
1252
1418
2
2
1001
898
469
911
53
1149
612
911
911
612
1200
550
935
1435
1494
1455
1332
110
76
1455
1110
1332
1351
1332
1351
676
597
597
597
597
597
597
1029
854
1187
1540
1125
1457
321
1571
1457
256
1457
1457
374
958
1585
1457
1457
1457
1467
1632
1467
872
1467
1632
1632
1632
1467
1632
1632
1632
456
1163
863
1632
456
1467
185
1467
1467
1467
1467
1612
1612
1546
1546
142
1004
1120
1120
1546
918
833
1039
833
586
1432
1432
1432
952
595
595
91
91
91
1624
946
956
321
1065
502
1624
1528
1528
502
268
1612
614
351
1612
924
1612
671
305
305
305
1075
305
305
821
1531
586
1210
586
586
586
179
586
306
586
586
586
586
851
867
1244
1393
586
1101
401
1583
950
306
306
586
781
586
586
91
297
1295
91
710
1464
743
1199
616
1116
1060
1326
250
250
73
250
73
73
1326
616
720
1522
949
100
949
982
1530
1530
91
50
990
91
291
91
91
260
91
50
1192
437
437
1002
1117
1548
1548
1548
445
737
1548
445
1548
919
1548
250
1339
1339
1339
695
1548
1339
141
141
1339
670
141
1184
1395
444
444
1475
1475
1475
1475
740
997
939
122
860
1142
122
122
31
1281
579
579
187
340
615
579
1281
967
1379
172
1113
145
1591
883
9
9
104
374
902
507
507
481
51
481
51
1485
481
507
1202
507
1501
1485
128
1518
1518
1208
700
549
1518
9
9
991
158
1012
158
1418
890
890
948
535
1566
1566
1566
593
792
935
613
613
1472
1472
1472
1150
549
1425
613
1579
1011
593
57
1579
593
218
402
1111
1340
1640
1640
1344
574
239
1640
1318
1423
1423
1423
1423
1340
1232
1502
1318
1063
1318
55
55
1341
1341
55
55
146
55
1385
146
146
1099
941
1416
1099
55
1551
1551
1551
654
474
55
474
474
1508
1508
760
1551
1420
1531
836
252
1420
146
146
1153
1416
1416
11
11
1181
1482
920
11
11
1181
1318
1318
1551
654
1318
1318
239
239
1423
508
972
972
812
812
168
168
980
772
1130
1130
511
511
1130
1150
1068
291
216
129
1209
1204
129
41
129
1209
1209
1209
177
1209
967
1204
1204
635
1204
15
1204
197
1204
749
1204
15
317
1288
15
1080
749
317
1204
1052
1204
1204
1109
197
65
1087
88
88
1087
88
1151
1069
1455
59
59
1395
1372
1372
868
868
159
1372
560
560
1508
875
1377
875
176
1609
1150
1609
31
594
594
1378
1193
1467
513
1090
565
565
59
1448
1448
1448
1409
81
513
1211
1112
513
513
513
513
1056
513
513
513
513
513
1256
1313
513
513
146
513
146
513
1448
446
446
446
446
1056
201
201
81
1467
1467
59
59
418
756
513
585
900
645
747
1055
642
912
651
1582
483
454
483
483
483
483
787
787
129
828
266
1113
483
483
483
1409
258
483
876
981
1239
1433
511
1472
1530
1530
1530
1030
1501
303
459
303
1233
1207
758
73
459
73
401
186
1089
279
459
1360
1360
1501
1495
1501
1628
1244
656
671
1536
799
916
498
498
1628
1628
1321
656
1321
760
1628
1536
1536
591
1078
429
1485
592
429
683
592
592
1603
163
163
163
14
866
14
14
163
14
14
14
1477
1540
14
163
163
163
945
938
786
562
562
982
215
875
35
793
1052
1551
1228
639
1009
815
725
1313
13
13
237
595
1610
595
1364
1364
935
1610
1610
1364
1610
1501
1501
699
1482
1482
1339
122
122
372
1339
1339
1339
27
27
13
1603
237
1603
1603
237
990
137
1007
1525
1525
1525
145
762
137
907
137
137
137
137
1430
22
22
63
63
63
22
1430
720
22
883
1242
22
1122
22
22
617
199
199
549
199
172
172
635
172
1481
1481
172
1533
172
550
653
653
653
653
309
84
84
84
176
176
176
23
11
176
1017
667
65
65
65
65
228
228
228
418
410
356
899
107
1488
800
1009
23
1610
370
1108
1610
366
481
591
1099
844
844
592
902
592
592
648
648
544
257
544
699
592
583
583
583
583
583
655
91
527
1492
874
1264
613
1275
220
1604
559
1149
1371
1604
1604
1604
843
1419
567
1419
1283
1283
1419
567
567
1063
567
1604
1604
1419
907
1248
363
234
843
563
1604
1419
1419
148
1419
563
1451
563
1451
1502
1451
1502
721
1502
911
1278
1502
1419
1419
534
1419
534
534
534
470
470
46
46
1493
1611
1399
949
46
470
470
726
1611
1230
1611
751
1399
148
144
144
148
148
602
46
363
789
911
567
567
1419
538
1426
901
87
122
800
1232
66
1232
66
1346
1480
1032
691
342
1014
691
981
317
867
1051
1357
1351
28
1351
317
1215
504
341
131
843
1215
1158
404
1215
127
1535
317
322
702
813
1389
1051
1195
498
498
942
983
498
927
813
288
1433
1433
813
813
731
45
813
45
45
1577
45
45
45
405
45
532
244
1051
504
504
810
810
504
504
504
504
723
356
1386
180
356
1215
1090
1550
414
1116
414
97
1030
1447
854
770
97
1073
308
399
1587
1077
658
658
658
20
549
20
20
20
20
582
409
761
409
1566
129
582
582
1562
1562
594
1348
355
1028
671
671
671
360
360
360
993
1065
1101
360
341
360
147
360
147
147
98
147
147
420
1422
147
147
1422
147
147
1597
420
65
150
1323
150
1323
300
1389
1323
1323
98
542
65
267
267
1422
1389
674
1243
1389
667
1389
1577
227
227
889
741
1522
1522
524
741
524
1340
1560
92
92
92
92
287
979
979
92
979
839
839
1080
1586
624
624
624
753
578
1491
1468
1133
1041
547
1528
1468
818
1468
1468
1468
1468
1528
1528
1528
812
1528
812
1333
812
811
294
294
294
1333
811
547
661
978
978
978
631
888
107
411
411
411
849
747
1314
1314
1314
1314
1162
1342
1342
1623
1098
1623
1068
1623
867
1493
363
829
1623
893
1493
1493
1342
1342
1342
1362
1362
969
1342
729
494
1342
1082
707
969
1342
1314
509
1171
747
1314
1561
1249
494
205
667
846
324
969
1504
895
969
1504
878
479
1060
479
878
813
509
1342
1342
1342
1342
771
1342
1342
878
769
1613
494
494
1004
1323
494
336
1140
494
55
55
55
55
957
55
55
55
351
55
1086
620
755
571
571
250
131
1605
88
88
88
1605
1605
37
37
1553
37
37
1605
1605
1452
1452
1605
134
1452
1158
1452
1106
37
1021
1207
37
37
37
37
37
1409
1362
1362
1362
314
1362
984
101
834
1248
101
1305
101
101
814
101
101
814
101
101
1626
1441
1248
1248
64
332
742
1236
1042
1170
239
135
1
839
810
238
1567
1450
1630
85
1630
1251
1047
1630
85
85
85
1251
85
1173
963
1173
22
790
22
1467
22
1492
22
1467
1467
963
220
220
220
1245
220
1097
1492
1616
1414
1492
1393
1492
1393
1492
1492
1492
1492
372
1492
1060
651
1406
1492
1492
86
86
651
651
1183
740
740
657
1328
1328
147
93
1328
1548
45
1462
494
788
494
788
108
524
1361
963
1498
1498
1498
1564
88
1510
1005
1421
1421
88
1137
1137
1560
88
88
1421
816
704
1142
1421
1421
483
483
511
511
384
772
772
1084
1269
1269
778
747
959
536
1332
1633
1633
1635
1325
42
1257
42
1274
1274
1274
1274
841
1588
841
6
6
254
1637
6
6
6
685
6
6
6
6
644
6
6
830
483
483
1604
534
555
205
205
205
205
1366
205
983
1066
205
205
1366
59
1423
1423
1366
1013
1423
1340
1340
1423
1618
1423
1423
59
59
1404
1340
205
205
205
602
602
484
1267
1423
1423
1423
1423
928
889
1000
340
1423
1061
855
1423
1603
340
928
484
1218
205
484
61
205
1276
792
1404
1403
284
205
1375
205
1375
1258
1375
1375
59
1438
59
26
26
1433
1433
1342
1342
1342
1342
226
226
728
1324
1324
1083
1489
31
31
31
31
1628
1628
1016
1451
1451
1451
1451
1345
1345
1345
318
318
480
803
1179
480
612
612
682
550
987
682
800
550
550
550
550
639
1123
1536
985
445
445
335
829
1513
1513
322
1513
1513
1572
478
1513
9
1513
9
478
839
960
73
1007
73
9
478
1572
1513
401
1513
1513
991
1513
322
9
872
1611
1611
1611
462
1583
1618
22
462
1355
79
1618
1611
903
678
1611
79
342
1618
1084
365
832
1618
1513
1513
1572
777
656
1148
1572
1572
1572
656
886
886
428
923
47
923
923
317
825
352
194
869
923
1168
923
47
923
886
886
923
47
1321
47
352
307
47
1306
1306
656
1168
1618
193
1375
102
1618
283
96
886
685
1321
656
656
656
73
73
73
73
401
1611
579
579
579
579
579
1611
1541
1060
660
1541
1611
947
1618
1611
928
1611
813
813
813
928
391
999
1219
336
391
1406
1219
928
1219
800
800
800
391
1618
1281
1281
598
1344
1344
194
194
237
255
237
237
1568
237
237
194
679
679
679
679
1140
1140
856
679
224
595
715
1059
1059
1059
650
650
126
126
376
126
1109
1391
56
56
56
1570
440
440
56
1275
56
56
440
440
1263
661
1403
721
440
440
440
56
56
56
56
262
56
440
440
56
440
56
242
616
56
305
1283
1283
1535
1084
652
94
1569
309
652
652
1569
94
753
753
206
94
238
814
814
431
399
713
431
1189
528
1462
91
1616
1189
1310
1149
1462
91
91
561
91
1462
1149
561
1310
1354
334
157
469
1621
1621
952
1621
1621
692
1621
23
240
1447
666
23
1566
1566
1566
171
1566
636
531
1373
889
735
1521
1336
226
226
226
226
226
945
945
537
1300
945
382
31
345
751
537
537
537
182
1447
1447
1447
1447
671
208
1606
1606
315
1606
1606
208
208
563
396
1172
202
202
202
202
202
202
340
74
1413
340
995
1414
28
340
1485
340
28
1175
28
1610
714
106
106
106
106
106
561
106
106
561
1591
957
28
976
561
1351
1351
1553
1553
623
1553
623
1058
1319
1351
1532
1058
106
106
1485
1079
507
1485
1501
1501
507
1485
927
927
898
507
507
507
875
507
220
1355
220
507
1355
1355
220
1388
507
411
338
411
1278
411
1278
507
507
1574
557
121
1024
819
121
507
12
507
507
507
1574
1355
819
1485
1485
1175
1044
1079
1064
921
921
107
107
107
107
503
546
456
456
1258
456
577
977
456
956
456
1258
797
217
456
49
799
1241
49
49
49
217
1144
217
791
791
1600
1600
791
1241
217
1600
942
942
318
16
16
1635
1283
1280
72
779
1635
1635
1396
1635
410
1581
410
694
16
16
410
492
1132
410
1161
1449
1449
492
1112
492
1214
1214
1214
1334
1494
664
492
517
492
1011
1462
492
492
517
517
1253
492
75
1630
1630
496
492
1510
492
492
642
492
496
664
1132
1612
1612
1284
1528
1202
1062
1528
1202
1284
1062
1023
681
848
681
1019
989
362
1019
81
825
1519
1519
920
1519
1519
1326
1326
933
933
1519
587
588
58
273
111
989
1519
1519
1519
1120
1281
406
1519
1314
13
1120
587
587
1281
1281
1281
588
1519
470
455
750
816
455
455
1519
455
468
1189
1519
1519
182
1136
1519
1519
663
1519
1519
1189
1453
1480
29
1453
121
1000
1453
29
229
1480
793
121
1326
29
1480
1480
1480
1480
232
1480
182
1453
1453
296
296
588
115
115
115
608
1453
1453
390
1316
1316
1367
1527
1367
1367
1367
1367
756
1316
1316
17
1242
17
1543
1316
1316
1575
1575
1615
1615
1615
1615
1208
1615
1615
991
729
1615
1615
1453
455
1314
1208
1504
91
673
1198
91
91
91
91
1431
1431
391
1431
1187
913
1431
1496
42
313
42
1431
100
1431
1431
42
391
1374
723
1138
1374
325
784
325
376
636
778
1374
1616
697
1374
1621
1621
1621
407
1621
1621
1621
1402
1168
1052
1621
1402
224
1627
1627
1627
1627
1627
1627
1297
271
1627
329
1099
1627
51
147
25
25
1599
1599
51
25
720
1599
1354
1599
789
1599
1599
1120
1599
789
51
789
1370
1370
1370
505
1370
1370
1370
1517
961
505
754
491
505
679
555
679
1219
1219
72
1219
681
948
1219
555
681
681
192
681
681
681
681
1492
1492
1433
1492
583
1492
1492
133
681
681
832
826
72
1375
1375
1375
228
1375
1446
1446
650
1446
1446
1446
1446
263
79
1090
1111
1446
669
947
1446
79
1446
1446
1525
422
1446
669
358
1163
1630
1630
886
1598
886
892
48
1485
48
945
945
48
659
1232
48
1232
267
993
48
886
892
462
1354
30
462
1611
1009
224
87
462
1354
1560
1354
949
1354
1167
1354
1030
1354
681
1354
1167
710
87
493
1310
1310
697
303
1560
1481
1286
418
1481
1481
1560
548
1268
1560
1560
1310
1481
949
1616
548
463
1072
463
463
91
463
447
447
463
447
447
447
447
447
91
91
91
595
595
1611
1611
896
1611
29
1342
1355
455
455
976
455
843
1001
346
963
1001
1001
1139
73
1139
592
592
566
566
94
94
566
669
566
566
566
566
857
566
566
272
272
272
1283
1571
190
837
1114
1283
1283
1159
1283
1571
467
467
467
1571
1026
272
1403
1571
1114
1283
467
199
199
199
199
199
199
1563
532
532
1008
534
390
390
376
390
963
127
995
127
127
112
112
1461
112
681
112
225
99
117
117
112
172
112
117
117
117
1125
112
828
112
71
261
71
1410
1410
264
830
250
830
