1169
694
1170
897
1174
281
143
1178
1179
1372
134
1167
1399
1168
1418
945
1176
981
1171
1175
1184
1212
798
193
1137
1172
946
1383
943
1177
71
1180
1166
1182
232
474
132
1077
612
319
1173
1181
1564
324
952
951
1187
944
221
1183
762
364
1394
931
1565
288
1478
928
1568
726
1136
1223
938
1019
401
935
339
931
200
237
949
1570
834
1342
937
1567
1128
1571
872
1566
1371
755
1505
1371
1127
939
929
130
1635
1189
1214
648
1185
1521
1130
1320
1434
1037
1603
924
911
1134
1142
910
914
1051
947
886
913
1572
934
1454
295
407
225
926
930
1085
942
1478
1124
1215
244
923
228
61
288
1141
1569
932
1186
933
434
927
1346
1539
1540
1534
1576
1209
1140
940
1443
420
776
746
925
1129
557
538
1217
76
1195
1599
1599
547
1138
1165
1135
1573
908
407
760
143
1133
1210
1269
1126
1204
948
1440
868
354
1144
1584
1530
905
1188
1161
1536
768
1536
937
1450
896
896
560
1537
158
1574
922
1582
375
1008
1216
1372
1372
1194
681
1619
1619
1583
186
1357
1322
887
1528
1193
1143
1221
936
1386
607
151
1454
827
1140
1192
56
877
1207
1207
1604
1579
1529
898
1198
1217
1605
1189
920
1560
1560
1560
890
1283
1534
1447
1507
1215
81
1577
1602
1600
1601
918
670
1606
1048
1169
1213
1614
1519
1613
1510
892
1544
886
1517
1197
1039
868
1411
1208
1204
1466
716
1607
1269
1621
1621
1616
1608
1608
1423
1563
1132
1450
1450
1450
1508
1139
1187
737
1155
1611
434
1535
1512
1512
1343
912
1160
1509
1388
1509
1620
963
1219
1219
1219
444
921
1371
1371
1149
1431
1562
1125
1514
1184
1467
20
600
1424
400
1424
1424
1211
1575
183
459
754
1611
1618
1058
1618
1559
1048
712
1201
950
1609
1122
1478
943
1530
1158
66
262
1538
1035
389
1511
1615
1615
1615
765
1211
1346
1519
1519
1436
906
1372
243
1372
1468
1468
821
277
717
132
1163
636
547
1058
1602
1478
1602
903
1465
779
531
741
688
1190
1263
898
863
56
845
557
1374
1272
1374
1513
1392
1513
593
801
617
593
1543
1542
255
134
1005
134
134
1479
1239
1479
184
1144
687
1265
134
802
1610
788
60
200
1308
782
444
814
1217
264
1217
907
1146
1561
875
1440
86
941
1421
1512
1196
20
893
1218
1218
1131
1557
1372
1372
211
731
1518
647
1618
1618
1168
1585
861
485
1558
1525
834
312
1525
592
1206
925
925
1604
1605
1393
1121
1629
348
69
666
1629
1001
96
1512
96
422
1557
1578
1630
1530
677
1148
1303
1419
458
1010
862
1468
1468
844
264
844
1579
1555
1233
1555
1420
26
909
1159
76
1166
814
891
487
1127
1127
613
1127
1556
426
513
1256
1202
65
277
349
1415
744
1435
745
745
404
773
232
1240
232
1214
1027
1612
988
1619
330
431
434
430
430
844
844
1554
551
1121
807
1523
427
453
1156
691
1306
244
917
550
857
857
581
857
1622
215
1115
1624
813
1622
64
581
215
857
1553
1553
948
458
458
513
842
60
561
195
60
1547
458
1547
225
962
1629
225
225
1317
543
778
540
225
1629
761
1102
244
1526
1196
1526
432
810
784
1115
784
956
802
1239
1632
26
26
26
26
562
618
1281
1433
1281
1281
1633
1631
1361
183
926
919
1380
1191
182
724
1595
1371
1513
550
1513
1513
215
1412
1412
841
841
753
588
25
979
1450
215
1469
1469
1469
484
975
68
68
1175
484
548
88
1123
1548
1548
426
990
1583
1155
1155
1095
102
425
1541
513
425
835
457
835
425
948
1524
1524
1524
1524
1524
874
1560
508
251
245
1150
843
809
839
1601
1171
782
1397
1220
1157
812
149
1636
1636
149
808
60
1539
643
670
840
1162
767
1581
1048
661
1525
1278
968
7
858
7
1525
1525
1623
821
1026
878
916
1196
1543
977
1588
429
807
807
910
386
910
197
197
1590
612
272
352
1194
1551
1634
1634
308
1596
1042
1446
929
1557
1633
361
1633
1633
1192
413
816
413
413
722
1547
739
225
225
1550
1550
1388
188
188
1550
1550
978
810
769
794
1190
1510
1510
1535
1535
521
521
1280
1433
1319
1520
832
511
1628
1174
1628
1628
1628
27
400
1219
934
1219
27
27
541
68
1617
237
237
763
763
656
283
1549
1549
1360
709
76
1211
1592
889
850
850
265
41
41
438
1455
252
850
1571
438
1454
568
1407
1171
1219
1571
545
1450
694
1450
1450
1450
123
816
276
1450
1450
123
123
1450
1609
1622
1622
165
81
156
156
81
156
815
1580
1580
1222
1222
434
434
1022
1424
1516
94
385
584
1216
855
855
94
94
94
1627
1210
1210
1627
214
1627
1469
389
700
673
1627
1139
162
224
880
162
459
126
406
609
621
918
459
630
8
459
459
976
1631
1522
32
976
1011
1345
815
342
1616
1345
1345
1036
193
815
815
215
1150
462
1589
561
717
705
1459
1552
1047
1552
58
199
237
237
237
964
1154
852
1108
1431
1145
1177
86
750
884
382
1492
660
1492
1492
1492
532
459
224
459
232
951
232
1024
232
754
1492
1492
1092
682
682
1164
781
1546
1546
1042
1546
1433
1546
1079
1520
1342
915
783
1173
470
1147
1205
1594
1458
384
716
895
1625
902
1473
1591
433
841
1473
903
582
1473
433
30
1473
805
1455
13
886
13
1564
1473
1564
13
767
886
1203
929
1203
1471
324
1193
1216
829
413
413
789
1120
1412
1187
927
1533
994
1558
462
1558
462
462
994
549
907
1548
734
1532
1625
1569
935
1038
309
1625
935
876
1211
1211
760
1534
1477
1477
788
1550
1550
771
1536
744
1493
1493
787
41
599
1306
359
252
359
480
480
480
1291
1545
884
84
336
522
247
84
385
211
778
1223
1491
537
537
1163
1499
537
1231
452
452
1313
268
1231
307
307
540
1168
790
1025
1185
1204
1204
1180
1593
275
9
311
275
275
275
1450
275
1455
1265
1593
1450
1417
1450
1450
80
1204
1450
155
1204
155
1455
986
596
455
596
935
81
1000
1036
459
459
211
1488
795
107
425
530
425
1441
455
791
1417
791
1033
592
1070
592
1033
564
871
936
564
412
1432
1611
1634
1611
1611
475
1055
475
712
475
1611
1616
19
1108
1611
1294
1611
1611
67
1055
361
1288
1055
1490
1461
1461
549
470
118
470
118
1561
1190
1561
1051
733
924
679
1552
1552
604
882
292
1283
1493
1509
1493
1232
960
297
1466
1417
994
1466
1277
794
1493
1493
1466
904
1397
1050
51
1283
168
1493
1093
1493
962
275
102
1617
1617
1617
565
791
814
1389
750
1319
1474
610
359
457
359
816
430
764
1076
1510
373
503
1470
355
1512
1522
1416
1554
185
1554
1302
1584
1554
185
911
474
991
60
60
60
60
1425
684
1089
394
745
1476
1476
492
1337
1476
1567
1567
492
492
1452
1551
492
1452
1452
745
1221
87
1221
929
376
929
929
594
594
426
426
1537
594
1342
854
1489
1607
394
1607
1607
1607
1507
1136
862
862
388
1607
1473
523
1626
140
1247
80
877
80
1566
1102
124
124
124
424
124
124
1375
725
943
1592
818
818
1428
761
446
732
761
1420
1420
1276
283
1420
843
817
1152
508
1548
1520
1097
1457
525
543
1457
1457
1478
1047
525
1209
1209
1448
1448
830
568
1466
1074
305
305
811
1209
1518
134
437
474
1215
437
437
1547
1007
1114
348
389
505
389
505
526
526
1453
1242
511
162
1453
805
478
1453
1453
852
822
852
1460
1460
1460
820
1374
1374
916
1374
823
1429
1524
1003
1034
1151
1305
611
467
467
591
627
590
590
915
590
885
56
56
1189
1141
1528
1410
1524
1524
1052
1022
1543
140
140
806
806
806
806
806
806
749
1493
1006
590
173
1014
590
530
1445
1418
1418
1346
873
10
364
532
1445
329
1473
42
544
42
1006
1223
42
42
1525
874
42
391
42
1445
31
31
8
407
1445
1223
1525
1525
468
305
1080
468
1068
874
1164
590
1283
1445
989
989
597
869
392
728
1461
1461
1461
1126
108
108
1302
819
819
819
819
129
1302
1302
1302
1302
1296
563
344
1050
1117
807
530
587
733
488
1236
733
563
1559
1559
553
1559
1559
1252
483
1559
996
1559
1236
13
1422
1636
1217
458
458
127
737
458
458
1449
921
1449
1476
531
432
1159
432
1131
1068
1476
892
1270
353
1476
1451
1451
1026
451
1451
1451
451
451
1068
1575
958
1068
371
42
1138
1138
1144
689
1507
1507
1118
1014
562
1118
1153
497
1421
582
1421
582
618
777
1153
1604
1015
562
1604
1604
1098
1117
1252
1418
2
2
1001
898
469
911
53
1149
612
911
911
612
1200
550
935
1435
1494
1455
1332
110
76
1455
1110
1332
1351
1332
1351
676
597
597
597
597
597
597
1029
854
1187
1540
1125
1457
321
1571
1457
256
1457
1457
374
958
1585
1457
1457
1457
1467
1632
1467
872
1467
1632
1632
1632
1467
1632
1632
1632
456
1163
863
1632
456
1467
185
1467
1467
1467
1467
1612
1612
1546
1546
142
1004
1120
1120
1546
918
833
1039
833
586
1432
1432
1432
952
595
595
91
91
91
1624
946
956
321
1065
502
1624
1528
1528
502
268
1612
614
351
1612
924
1612
671
305
305
305
1075
305
305
821
1531
586
1210
586
586
586
179
586
306
586
586
586
586
851
867
1244
1393
586
1101
401
1583
950
306
306
586
781
586
586
91
297
1295
91
710
1464
743
1199
616
1116
1060
1326
250
250
73
250
73
73
1326
616
720
1522
949
100
949
982
1530
1530
91
50
990
91
291
91
91
260
91
50
1192
437
437
1002
1117
1548
1548
1548
445
737
1548
445
1548
919
1548
250
1339
1339
1339
695
1548
1339
141
141
1339
670
141
1184
1395
444
444
1475
1475
1475
1475
740
997
939
122
860
1142
122
122
31
1281
579
579
187
340
615
579
1281
967
1379
172
1113
145
1591
883
9
9
104
374
902
507
507
481
51
481
51
1485
481
507
1202
507
1501
1485
128
1518
1518
1208
700
549
1518
9
9
991
158
1012
158
1418
890
890
948
535
1566
1566
1566
593
792
935
613
613
1472
1472
1472
1150
549
1425
613
1579
1011
593
57
1579
593
218
402
1111
1340
1640
1640
1344
574
239
1640
1318
1423
1423
1423
1423
1340
1232
1502
1318
1063
1318
55
55
1341
1341
55
55
146
55
1385
146
146
1099
941
1416
1099
55
1551
1551
1551
654
474
55
474
474
1508
1508
760
1551
1420
1531
836
252
1420
146
146
1153
1416
1416
11
11
1181
1482
920
11
11
1181
1318
1318
1551
654
1318
1318
239
239
1423
508
972
972
812
812
168
168
980
772
1130
1130
511
511
1130
1150
1068
291
216
129
1209
1204
129
41
129
1209
1209
1209
177
1209
967
1204
1204
635
1204
15
1204
197
1204
749
1204
15
317
1288
15
1080
749
317
1204
1052
1204
1204
1109
197
65
1087
88
88
1087
88
1151
1069
1455
59
59
1395
1372
1372
868
868
159
1372
560
560
1508
875
1377
875
176
1609
1150
1609
31
594
594
1378
1193
1467
513
1090
565
565
59
1448
1448
1448
1409
81
513
1211
1112
513
513
513
513
1056
513
513
513
513
513
1256
1313
513
513
146
513
146
513
1448
446
446
446
446
1056
201
201
81
1467
1467
59
59
418
756
513
585
900
645
747
1055
642
912
651
1582
483
454
483
483
483
483
787
787
129
828
266
1113
483
483
483
1409
258
483
876
981
1239
1433
511
1472
1530
1530
1530
1030
1501
303
459
303
1233
1207
758
73
459
73
401
186
1089
279
459
1360
1360
1501
1495
1501
1628
1244
656
671
1536
799
916
498
498
1628
1628
1321
656
1321
760
1628
1536
1536
591
1078
429
1485
592
429
683
592
592
1603
163
163
163
14
866
14
14
163
14
14
14
1477
1540
14
163
163
163
945
938
786
562
562
982
215
875
35
793
1052
1551
1228
639
1009
815
725
1313
13
13
237
595
1610
595
1364
1364
935
1610
1610
1364
1610
1501
1501
699
1482
1482
1339
122
122
372
1339
1339
1339
27
27
13
1603
237
1603
1603
237
990
137
1007
1525
1525
1525
145
762
137
907
137
137
137
137
1430
22
22
63
63
63
22
1430
720
22
883
1242
22
1122
22
22
617
199
199
549
199
172
172
635
172
1481
1481
172
1533
172
550
653
653
653
653
309
84
84
84
176
176
176
23
11
176
1017
667
65
65
65
65
228
228
228
418
410
356
899
107
1488
800
1009
23
1610
370
1108
1610
366
481
591
1099
844
844
592
902
592
592
648
648
544
257
544
699
592
583
583
583
583
583
655
91
527
1492
874
1264
613
1275
220
1604
559
1149
1371
1604
1604
1604
843
1419
567
1419
1283
1283
1419
567
567
1063
567
1604
1604
1419
907
1248
363
234
843
563
1604
1419
1419
148
1419
563
1451
563
1451
1502
1451
1502
721
1502
911
1278
1502
1419
1419
534
1419
534
534
534
470
470
46
46
1493
1611
1399
949
46
470
470
726
1611
1230
1611
751
1399
148
144
144
148
148
602
46
363
789
911
567
567
1419
538
1426
901
87
122
800
1232
66
1232
66
1346
1480
1032
691
342
1014
691
981
317
867
1051
1357
1351
28
1351
317
1215
504
341
131
843
1215
1158
404
1215
127
1535
317
322
702
813
1389
1051
1195
498
498
942
983
498
927
813
288
1433
1433
813
813
731
45
813
45
45
1577
45
45
45
405
45
532
244
1051
504
504
810
810
504
504
504
504
723
356
1386
180
356
1215
1090
1550
414
1116
414
97
1030
1447
854
770
97
1073
308
399
1587
1077
658
658
658
20
549
20
20
20
20
582
409
761
409
1566
129
582
582
1562
1562
594
1348
355
1028
671
671
671
360
360
360
993
1065
1101
360
341
360
147
360
147
147
98
147
147
420
1422
147
147
1422
147
147
1597
420
65
150
1323
150
1323
300
1389
1323
1323
98
542
65
267
267
1422
1389
674
1243
1389
667
1389
1577
227
227
889
741
1522
1522
524
741
524
1340
1560
92
92
92
92
287
979
979
92
979
839
839
1080
1586
624
624
624
753
578
1491
1468
1133
1041
547
1528
1468
818
1468
1468
1468
1468
1528
1528
1528
812
1528
812
1333
812
811
294
294
294
1333
811
547
661
978
978
978
631
888
107
411
411
411
849
747
1314
1314
1314
1314
1162
1342
1342
1623
1098
1623
1068
1623
867
1493
363
829
1623
893
1493
1493
1342
1342
1342
1362
1362
969
1342
729
494
1342
1082
707
969
1342
1314
509
1171
747
1314
1561
1249
494
205
667
846
324
969
1504
895
969
1504
878
479
1060
479
878
813
509
1342
1342
1342
1342
771
1342
1342
878
769
1613
494
494
1004
1323
494
336
1140
494
55
55
55
55
957
55
55
55
351
55
1086
620
755
571
571
250
131
1605
88
88
88
1605
1605
37
37
1553
37
37
1605
1605
1452
1452
1605
134
1452
1158
1452
1106
37
1021
1207
37
37
37
37
37
1409
1362
1362
1362
314
1362
984
101
834
1248
101
1305
101
101
814
101
101
814
101
101
1626
1441
1248
1248
64
332
742
1236
1042
1170
239
135
1
839
810
238
1567
1450
1630
85
1630
1251
1047
1630
85
85
85
1251
85
1173
963
1173
22
790
22
1467
22
1492
22
1467
1467
963
220
220
220
1245
220
1097
1492
1616
1414
1492
1393
1492
1393
1492
1492
1492
1492
372
1492
1060
651
1406
1492
1492
86
86
651
651
1183
740
740
657
1328
1328
147
93
1328
1548
45
1462
494
788
494
788
108
524
1361
963
1498
1498
1498
1564
88
1510
1005
1421
1421
88
1137
1137
1560
88
88
1421
816
704
1142
1421
1421
483
483
511
511
384
772
772
1084
1269
1269
778
747
959
536
1332
1633
1633
1635
1325
42
1257
42
1274
1274
1274
1274
841
1588
841
6
6
254
1637
6
6
6
685
6
6
6
6
644
6
6
830
483
483
1604
534
555
205
205
205
205
1366
205
983
1066
205
205
1366
59
1423
1423
1366
1013
1423
1340
1340
1423
1618
1423
1423
59
59
1404
1340
205
205
205
602
602
484
1267
1423
1423
1423
1423
928
889
1000
340
1423
1061
855
1423
1603
340
928
484
1218
205
484
61
205
1276
792
1404
1403
284
205
1375
205
1375
1258
1375
1375
59
1438
59
26
26
1433
1433
1342
1342
1342
1342
226
226
728
1324
1324
1083
1489
31
31
31
31
1628
1628
1016
1451
1451
1451
1451
1345
1345
1345
318
318
480
803
1179
480
612
612
682
550
987
682
800
550
550
550
550
639
1123
1536
985
445
445
335
829
1513
1513
322
1513
1513
1572
478
1513
9
1513
9
478
839
960
73
1007
73
9
478
1572
1513
401
1513
1513
991
1513
322
9
872
1611
1611
1611
462
1583
1618
22
462
1355
79
1618
1611
903
678
1611
79
342
1618
1084
365
832
1618
1513
1513
1572
777
656
1148
1572
1572
1572
656
886
886
428
923
47
923
923
317
825
352
194
869
923
1168
923
47
923
886
886
923
47
1321
47
352
307
47
1306
1306
656
1168
1618
193
1375
102
1618
283
96
886
685
1321
656
656
656
73
73
73
73
401
1611
579
579
579
579
579
1611
1541
1060
660
1541
1611
947
1618
1611
928
1611
813
813
813
928
391
999
1219
336
391
1406
1219
928
1219
800
800
800
391
1618
1281
1281
598
1344
1344
194
194
237
255
237
237
1568
237
237
194
679
679
679
679
1140
1140
856
679
224
595
715
1059
1059
1059
650
650
126
126
376
126
1109
1391
56
56
56
1570
440
440
56
1275
56
56
440
440
1263
661
1403
721
440
440
440
56
56
56
56
262
56
440
440
56
440
56
242
616
56
305
1283
1283
1535
1084
652
94
1569
309
652
652
1569
94
753
753
206
94
238
814
814
431
399
713
431
1189
528
1462
91
1616
1189
1310
1149
1462
91
91
561
91
1462
1149
561
1310
1354
334
157
469
1621
1621
952
1621
1621
692
1621
23
240
1447
666
23
1566
1566
1566
171
1566
636
531
1373
889
735
1521
1336
226
226
226
226
226
945
945
537
1300
945
382
31
345
751
537
537
537
182
1447
1447
1447
1447
671
208
1606
1606
315
1606
1606
208
208
563
396
1172
202
202
202
202
202
202
340
74
1413
340
995
1414
28
340
1485
340
28
1175
28
1610
714
106
106
106
106
106
561
106
106
561
1591
957
28
976
561
1351
1351
1553
1553
623
1553
623
1058
1319
1351
1532
1058
106
106
1485
1079
507
1485
1501
1501
507
1485
927
927
898
507
507
507
875
507
220
1355
220
507
1355
1355
220
1388
507
411
338
411
1278
411
1278
507
507
1574
557
121
1024
819
121
507
12
507
507
507
1574
1355
819
1485
1485
1175
1044
1079
1064
921
921
107
107
107
107
503
546
456
456
1258
456
577
977
456
956
456
1258
797
217
456
49
799
1241
49
49
49
217
1144
217
791
791
1600
1600
791
1241
217
1600
942
942
318
16
16
1635
1283
1280
72
779
1635
1635
1396
1635
410
1581
410
694
16
16
410
492
1132
410
1161
1449
1449
492
1112
492
1214
1214
1214
1334
1494
664
492
517
492
1011
1462
492
492
517
517
1253
492
75
1630
1630
496
492
1510
492
492
642
492
496
664
1132
1612
1612
1284
1528
1202
1062
1528
1202
1284
1062
1023
681
848
681
1019
989
362
1019
81
825
1519
1519
920
1519
1519
1326
1326
933
933
1519
587
588
58
273
111
989
1519
1519
1519
1120
1281
406
1519
1314
13
1120
587
587
1281
1281
1281
588
1519
470
455
750
816
455
455
1519
455
468
1189
1519
1519
182
1136
1519
1519
663
1519
1519
1189
1453
1480
29
1453
121
1000
1453
29
229
1480
793
121
1326
29
1480
1480
1480
1480
232
1480
182
1453
1453
296
296
588
115
115
115
608
1453
1453
390
1316
1316
1367
1527
1367
1367
1367
1367
756
1316
1316
17
1242
17
1543
1316
1316
1575
1575
1615
1615
1615
1615
1208
1615
1615
991
729
1615
1615
1453
455
1314
1208
1504
91
673
1198
91
91
91
91
1431
1431
391
1431
1187
913
1431
1496
42
313
42
1431
100
1431
1431
42
391
1374
723
1138
1374
325
784
325
376
636
778
1374
1616
697
1374
1621
1621
1621
407
1621
1621
1621
1402
1168
1052
1621
1402
224
1627
1627
1627
1627
1627
1627
1297
271
1627
329
1099
1627
51
147
25
25
1599
1599
51
25
720
1599
1354
1599
789
1599
1599
1120
1599
789
51
789
1370
1370
1370
505
1370
1370
1370
1517
961
505
754
491
505
679
555
679
1219
1219
72
1219
681
948
1219
555
681
681
192
681
681
681
681
1492
1492
1433
1492
583
1492
1492
133
681
681
832
826
72
1375
1375
1375
228
1375
1446
1446
650
1446
1446
1446
1446
263
79
1090
1111
1446
669
947
1446
79
1446
1446
1525
422
1446
669
358
1163
1630
1630
886
1598
886
892
48
1485
48
945
945
48
659
1232
48
1232
267
993
48
886
892
462
1354
30
462
1611
1009
224
87
462
1354
1560
1354
949
1354
1167
1354
1030
1354
681
1354
1167
710
87
493
1310
1310
697
303
1560
1481
1286
418
1481
1481
1560
548
1268
1560
1560
1310
1481
949
1616
548
463
1072
463
463
91
463
447
447
463
447
447
447
447
447
91
91
91
595
595
1611
1611
896
1611
29
1342
1355
455
455
976
455
843
1001
346
963
1001
1001
1139
73
1139
592
592
566
566
94
94
566
669
566
566
566
566
857
566
566
272
272
272
1283
1571
190
837
1114
1283
1283
1159
1283
1571
467
467
467
1571
1026
272
1403
1571
1114
1283
467
199
199
199
199
199
199
1563
532
532
1008
534
390
390
376
390
963
127
995
127
127
112
112
1461
112
681
112
225
99
117
117
112
172
112
117
117
117
1125
112
828
112
71
261
71
1410
1410
264
830
250
830
1537
558
1166
71
1166
558
1461
1278
1537
451
177
1537
172
172
681
71
889
393
71
71
71
378
71
158
1260
71
1194
158
158
158
158
1194
127
127
127
497
499
499
127
127
127
470
514
1318
1318
728
728
514
514
1468
1447
1394
1447
1394
191
373
1631
1631
1398
795
1631
1631
1631
394
1613
1631
394
925
394
925
1613
1613
983
983
983
394
394
1613
1613
1417
59
59
1349
659
1292
1127
59
1127
1349
1349
57
1419
1419
1419
1419
1000
193
193
193
193
193
1099
885
620
193
193
1124
1124
1124
124
124
124
124
1621
124
1421
1621
1395
1621
774
1210
1242
1210
1210
1423
1423
1423
1423
1210
1210
1210
1423
263
1423
91
1423
91
91
1529
91
91
91
477
91
968
91
601
477
477
477
477
959
589
91
155
91
91
1104
10
91
1597
10
779
155
477
477
477
1145
759
1075
1340
752
120
429
487
487
1331
487
1280
1599
1599
1599
1082
1528
1599
1599
67
1599
647
487
194
487
1439
194
194
1288
1288
1439
576
205
1131
214
576
576
214
576
576
577
577
364
1386
576
576
1572
546
205
644
1572
1301
759
254
121
121
121
719
121
121
121
1392
944
1392
1392
944
944
560
560
1030
560
560
218
396
218
151
218
218
818
151
1354
1354
317
437
1354
795
1400
1354
388
1354
852
1354
437
437
388
59
59
1106
59
317
537
905
1124
1577
1577
1124
1628
1628
1001
840
1344
1344
992
1590
1344
1344
441
441
441
441
840
1133
1366
1366
840
571
1344
314
206
206
314
571
571
431
864
122
1190
581
297
122
122
445
620
122
481
571
122
431
122
953
122
122
122
481
481
1190
445
462
599
462
462
923
462
792
792
792
1356
364
1356
1356
1356
1356
1356
1356
1433
1231
1165
1165
589
450
589
1116
450
450
1165
1416
1613
832
798
798
1260
1260
360
360
360
360
473
360
360
360
360
1253
1207
244
1253
416
939
473
360
360
276
635
1456
360
483
360
483
326
1124
1639
1639
1639
1124
473
473
1008
243
1008
756
416
1186
360
1253
1253
1124
1124
1579
248
1579
297
297
1540
932
932
440
1427
1208
440
1208
440
1633
177
1096
1096
527
595
1208
145
1618
469
469
35
914
35
447
578
578
578
356
578
356
1607
39
930
1607
404
1607
1607
1607
39
1604
239
1271
511
511
1619
1619
1265
1265
1265
640
519
1102
259
1265
276
1265
1092
1333
1092
1092
379
165
747
379
379
165
165
749
1306
1306
1281
1431
1431
367
1635
271
1379
201
1635
165
352
911
1431
169
1431
1431
1431
625
1431
352
726
680
328
367
55
55
55
55
1392
1621
1621
1275
818
1621
1621
55
1343
1343
991
55
55
1621
354
10
1621
1026
1621
991
1028
1343
1343
1343
10
10
1384
55
600
267
165
362
4
165
4
4
504
4
242
4
504
1232
636
504
733
504
1431
108
494
494
494
494
494
1463
1463
1165
316
838
1320
1320
55
55
171
171
839
839
539
1599
1344
55
55
529
770
529
529
55
55
55
1226
55
529
1226
770
233
233
532
233
233
763
672
779
233
1476
1476
759
1255
1476
1476
1476
1342
1342
1540
643
6
881
1342
1342
1342
1230
1342
1342
1342
1255
1117
332
1540
532
1047
1625
1625
1625
574
1625
633
1117
1473
1548
1548
1473
1473
243
481
390
289
1274
163
481
682
1068
390
1458
874
1274
243
1458
1418
1068
769
1259
163
163
1345
163
392
392
123
392
392
1573
1345
392
308
1083
1248
123
1068
1274
1418
1589
1538
701
55
55
370
905
802
55
1514
1514
802
1384
1514
1514
1458
6
1540
759
649
763
1283
1394
1283
1283
1283
1283
1250
429
429
1283
1125
1622
1622
1622
1622
1203
1578
277
457
1194
1203
1410
1410
934
1454
1454
366
1454
1632
508
1632
1454
1541
1454
1028
118
884
1454
1450
1450
90
1488
90
1392
1454
1392
302
1454
1454
1392
90
1554
90
90
776
1454
176
1454
1454
1188
22
1560
1560
176
860
176
1450
222
1043
1450
353
89
1488
1260
1483
1538
1343
1483
89
81
302
1614
1620
1614
430
1227
430
1620
430
1614
582
1614
1136
926
581
581
525
430
405
766
430
405
1614
1614
1348
1614
485
470
581
430
525
525
582
723
1138
452
302
302
22
22
22
22
555
22
22
1392
827
1392
1560
508
1089
1028
756
1614
1621
717
1614
1621
1614
1621
1554
1118
1554
1330
1557
158
158
387
1554
1557
228
1330
1330
1557
1275
194
194
1275
1557
1557
1265
1265
194
194
266
194
514
194
194
194
1542
514
1412
1092
824
1118
158
1034
158
1612
158
158
1450
1369
633
633
762
1450
1450
821
1275
1275
197
197
197
1275
197
197
607
497
1620
804
497
1035
1620
497
1620
1620
197
197
607
418
555
1343
1343
873
1343
158
158
158
1577
158
158
158
1158
525
582
582
582
1575
1412
755
1412
491
755
1401
1463
1412
1193
491
1401
485
153
383
8
383
383
786
8
352
1373
1621
1621
1621
1070
289
1070
1621
427
1535
1560
1560
1560
1560
1621
1379
150
1560
959
427
150
150
150
604
604
289
289
908
289
289
81
81
81
81
1265
1621
1325
1325
1325
1232
1325
1325
1015
1015
205
645
321
205
205
999
205
1
789
490
1
749
1
1
1349
1349
297
1349
1349
852
759
852
759
759
27
1582
1226
1094
1094
1491
1337
1339
1491
1339
1339
1337
1383
235
1203
235
235
235
1299
89
621
210
235
1366
235
210
1262
210
448
1366
89
1294
993
390
1366
788
1366
1249
1366
1366
1371
1371
556
235
1195
1371
1371
373
1371
1203
379
131
131
379
1382
187
187
573
494
185
494
1171
1171
1171
227
1171
1002
1171
515
972
597
1440
1031
12
12
1541
1171
1171
1171
1396
570
570
570
570
29
656
656
480
1219
325
740
1051
1051
158
158
325
1456
1286
286
1519
1456
158
1456
1125
1456
1456
1456
158
864
158
158
1495
551
551
551
551
551
551
551
387
551
387
551
551
482
1401
551
594
1152
401
143
143
1392
143
378
378
733
143
143
1392
143
998
585
898
534
691
585
1161
1300
585
585
1576
1576
147
1576
1294
147
1576
1052
147
147
147
288
147
990
1183
993
990
1467
1467
519
125
1467
1467
1467
125
68
359
68
1239
324
1239
1107
1239
534
296
999
881
1444
1444
296
125
125
999
31
188
31
31
31
1140
31
31
31
514
1280
1363
1114
920
1162
690
1205
1398
1304
514
31
514
1363
1363
1311
31
1243
1525
985
1591
1268
514
292
1205
1205
1531
188
188
965
188
188
1311
1205
622
622
1438
933
1430
1138
1610
1610
1508
585
585
426
405
1378
1378
151
1333
1333
1333
479
479
776
479
1477
479
479
1477
1477
32
776
776
81
776
1477
938
1477
10
1477
1477
479
479
1320
479
479
479
409
555
555
776
776
776
862
99
776
776
99
605
1081
936
605
605
1541
1554
723
776
895
1211
1211
99
1128
1128
951
1128
1128
632
866
1142
1128
99
72
72
72
1335
1335
1335
1335
1335
766
1335
72
1247
72
72
1335
293
188
1335
1335
1335
456
901
734
734
1612
1612
1123
1123
571
340
571
320
450
450
1477
940
1477
450
340
587
843
286
843
499
499
1005
12
12
499
499
1450
1450
903
1123
1484
1480
630
1480
1480
1168
1168
272
1480
1480
1480
1168
677
1168
1484
1484
1571
1484
1471
1471
1471
725
725
1168
1351
1336
206
1084
206
206
206
1099
206
569
1512
788
775
788
585
585
37
422
1404
1063
37
37
1404
1063
37
296
798
524
37
730
224
37
37
958
224
837
422
1063
1404
524
524
788
1084
877
1114
877
789
1140
340
829
763
105
1473
1473
1478
1473
1473
1478
878
1478
1635
1635
1635
1046
945
1635
303
1582
1635
1635
792
1576
180
180
1351
1351
247
399
1351
247
1436
1351
1
1
1351
1351
1
237
853
748
755
757
1053
457
457
770
1563
1129
211
211
211
1251
97
1251
1457
1457
1457
529
529
773
118
1431
1431
1457
1457
773
773
1044
102
210
210
210
975
186
186
1459
380
380
1459
491
491
131
491
248
1419
1419
1419
29
29
166
1288
166
1419
469
1456
1419
491
469
469
131
469
1456
1456
1456
979
979
1456
1456
469
159
469
1419
1419
979
1459
1459
979
491
62
192
62
247
62
166
62
62
62
166
976
192
192
1403
1540
166
142
252
142
62
62
1419
121
894
1041
1241
1041
1241
1531
1241
531
1241
1241
1241
873
1241
539
1241
297
581
356
356
1255
835
60
60
356
60
60
60
1272
1272
10
10
71
503
1391
135
135
135
1238
484
1333
135
420
804
420
521
1333
1238
1333
1238
591
1077
1077
207
207
207
207
41
41
660
41
218
207
176
176
299
176
176
176
176
151
151
151
207
207
41
41
80
902
449
601
974
601
449
449
449
449
172
449
449
959
1299
837
837
502
502
1013
803
178
976
1013
502
502
1291
1566
502
502
502
1568
1320
502
502
1430
502
502
502
502
1305
1107
502
1222
1508
1580
1222
502
1628
502
1628
1008
1008
1551
1392
1129
1117
1117
1117
1487
1576
1487
1162
885
1454
1454
1258
1487
1194
1194
885
833
1576
1576
50
50
50
50
50
983
1522
93
1123
93
93
93
93
1356
321
1356
703
703
1123
677
677
677
677
998
1206
1346
743
1183
1034
1183
1183
390
1055
996
996
236
236
1376
294
44
72
513
513
660
1376
1376
72
1376
1376
1376
1376
1376
72
196
196
196
513
196
1387
1620
1491
409
444
1061
196
196
1449
196
12
196
1121
810
196
196
1620
637
1495
1620
911
911
1131
810
692
12
12
1260
644
12
869
54
769
804
12
1612
149
12
869
756
756
1612
1596
253
1612
1612
739
869
1596
1495
1495
1426
1449
118
648
118
271
1459
1441
1449
263
1441
64
525
1534
64
53
1534
118
54
54
54
54
97
290
196
419
394
196
394
804
525
525
525
1499
1499
1418
1031
1499
1499
525
507
507
166
403
166
166
952
1485
785
1410
785
1485
1485
1485
91
91
91
91
91
91
498
498
498
1451
498
642
1517
498
550
824
1133
498
1517
1114
1331
1331
1331
42
565
565
771
42
42
1429
1029
1429
42
1429
1429
1432
1432
327
1432
42
42
662
42
42
42
565
565
933
31
161
731
972
31
31
31
1433
1402
1514
946
871
1514
1514
1402
1514
80
80
1363
1614
1614
1363
80
1614
842
812
812
1314
680
852
812
1002
535
535
211
211
1377
1377
211
358
1268
358
646
1377
1441
1377
211
352
211
1438
1133
1453
1133
1453
273
211
264
211
211
211
101
211
1191
1453
1446
1614
1438
1438
1453
1614
1320
1334
73
1328
1003
1334
1614
1527
1313
1614
73
1249
1328
1328
1313
1010
1313
1328
73
882
73
812
210
241
241
343
1363
865
1441
1453
1145
1453
1414
1133
1453
607
263
1453
1453
1453
833
1453
646
1050
1495
80
1575
1542
1575
431
576
121
1640
95
163
576
576
1457
431
1640
297
163
1457
1457
1457
1457
3
548
585
585
1457
585
585
585
42
169
42
42
42
600
803
1099
42
42
585
649
585
1099
844
1313
3
77
1547
1547
77
1394
863
3
3
3
77
3
1547
1462
1547
1547
210
1245
210
714
83
83
210
397
1413
210
1404
66
83
83
83
83
1427
42
55
42
42
55
55
55
55
1603
1603
1603
1603
603
1603
535
1457
1457
1457
53
1221
847
1425
1221
1457
1257
1139
612
1639
220
1328
55
55
55
55
55
193
796
193
193
193
563
1416
982
193
452
193
1218
943
1218
452
193
193
1451
193
452
452
852
1099
15
15
15
15
535
535
946
430
535
802
15
1397
15
15
1397
1314
1153
889
426
650
426
437
426
306
437
632
41
437
437
650
505
964
1502
468
468
937
1431
366
1431
505
227
203
515
515
515
1502
1077
515
426
1314
505
306
1502
1502
1502
227
1431
287
418
1604
1431
1431
216
994
994
1319
808
1431
1431
887
632
386
522
331
426
426
426
1565
426
1124
1073
426
426
937
937
977
937
1428
937
402
402
937
937
757
937
1334
882
367
1639
193
193
1639
974
97
974
386
100
744
648
302
1426
744
302
1379
42
1366
42
100
176
176
1253
42
42
1625
1625
437
1253
1453
1062
1453
1453
1453
1462
603
1243
3
3
3
3
3
648
650
1053
1053
1435
1128
939
1435
69
389
389
455
1412
255
511
226
1412
198
455
455
356
455
1544
389
235
316
442
442
442
1412
229
229
229
1412
795
229
235
235
704
226
1381
1381
226
650
1256
356
356
389
533
198
511
229
1323
1323
229
49
1493
1493
952
213
1216
213
229
229
1323
1323
610
442
442
1480
1480
442
511
511
520
974
302
520
302
1216
382
1204
1204
1204
1204
1204
1204
533
823
533
533
511
511
1128
1128
650
650
115
115
867
115
650
650
426
426
377
426
550
550
481
481
338
820
426
239
426
426
1397
346
426
173
426
426
1397
426
382
846
426
426
426
179
426
426
308
165
8
165
426
426
165
629
1565
842
165
842
787
816
816
1411
825
1411
426
370
1397
1002
308
56
56
330
56
56
994
1640
1640
1640
1640
1290
1290
626
1290
1290
379
746
1042
1290
1290
1290
666
295
1290
1290
1290
1290
295
379
725
379
800
379
800
800
800
666
666
287
3
3
3
665
1077
505
731
505
505
253
406
505
833
800
800
557
226
669
80
1215
743
226
226
753
753
80
1249
226
1315
226
1520
154
154
1520
33
237
237
237
237
33
33
50
44
1441
33
43
1525
1525
33
1441
1441
1441
1087
1441
767
1225
33
1525
654
295
1158
1525
534
1225
174
471
471
471
471
174
43
534
868
1215
1215
1215
1215
691
534
252
534
1224
1204
1226
1204
1204
1226
1226
338
389
1215
1215
257
1215
1215
1215
24
424
1281
1391
1215
226
1562
226
1268
753
1525
556
1546
248
1525
693
1546
1369
1546
1546
1525
1525
390
842
842
1369
1369
237
796
237
570
570
237
649
830
237
237
237
570
570
570
1102
570
1144
1089
872
237
672
237
672
868
176
1604
743
447
949
144
421
144
144
447
1296
447
709
447
447
748
144
789
1611
144
1561
447
1194
924
591
806
806
1308
1308
1308
495
607
1308
607
1576
607
607
495
495
539
695
895
410
477
186
410
539
539
539
1509
477
324
1427
1427
1430
298
1430
1430
1430
1157
1430
1430
1427
27
1314
1314
597
485
597
797
27
297
27
27
27
597
597
237
887
924
1225
1218
534
408
930
1225
1564
930
930
899
1077
704
930
1060
930
1060
1070
534
1225
534
61
61
908
61
61
109
719
1221
109
1492
400
293
1492
50
1492
1492
1492
545
1221
535
335
535
535
739
908
1492
1492
1492
1492
553
1497
1497
1194
930
1474
930
930
1474
293
50
50
50
1410
884
50
44
44
1410
44
1477
1386
1477
1477
109
1477
1477
502
1477
502
899
95
95
441
42
42
42
1128
501
454
454
1321
1313
1321
1321
1535
1313
1313
1313
911
757
1320
23
23
45
45
23
112
34
432
412
432
34
1537
34
927
80
1519
80
1519
368
1640
601
1132
466
80
466
466
486
466
466
466
603
523
523
523
112
1479
1296
1479
1296
1537
434
1255
34
466
434
1623
434
434
434
434
1519
616
825
1440
1440
1440
1440
616
616
1623
434
80
1051
500
80
80
50
50
604
1590
1479
73
1479
1188
302
50
34
1623
1623
1623
1623
1623
1623
756
644
1623
485
1223
1623
1194
485
1129
1451
384
1451
762
1451
1451
1451
838
1451
41
60
1100
936
1451
41
109
187
109
109
365
698
1129
1129
1451
1129
562
1129
562
562
1100
516
889
516
889
1451
1139
1122
1451
1451
1451
1451
1451
375
415
233
108
108
108
108
854
1064
108
233
233
233
315
640
738
233
233
934
233
233
233
1292
233
233
233
41
41
825
616
640
112
1251
112
112
112
112
112
743
112
50
50
50
1546
1546
119
1546
589
117
117
589
117
1257
1546
434
1519
1519
1519
1519
1519
108
108
108
1589
462
108
108
108
236
236
1057
236
236
1104
215
236
215
108
108
108
1057
108
108
108
108
743
1451
1051
1509
1051
1051
601
601
1451
1451
375
1451
1142
1289
686
200
412
840
1145
200
200
200
840
1129
840
1129
41
302
302
1523
1523
1523
432
432
432
432
479
432
432
479
479
1046
1246
1559
479
479
1508
479
687
81
479
1135
479
81
675
432
432
432
1452
432
1452
1031
1452
1465
1465
1452
1452
1099
1452
998
1452
410
410
1465
832
1465
785
1465
748
1465
1099
81
546
108
108
108
245
546
108
108
245
1384
675
119
119
34
34
762
830
502
762
1251
553
1251
547
1370
1370
829
780
791
791
799
1408
1501
1167
1501
1319
1501
1501
937
1095
1501
693
775
496
4
1575
710
1501
1501
1501
1630
1228
1213
1228
142
245
1041
641
1608
1275
329
485
485
1599
440
1636
587
440
1636
1636
399
1636
440
681
681
1636
1636
227
1636
1636
1575
962
1636
1599
344
1242
1474
1599
1599
237
1575
237
919
1462
1462
389
1599
1599
488
432
1418
1418
488
891
202
202
202
202
964
1575
432
1277
1277
202
1599
612
1474
389
389
612
856
1520
943
1127
1590
1576
820
1576
1604
1604
1191
1218
1561
1218
1171
1171
943
221
904
1461
943
218
943
1461
1461
1461
1520
1127
1171
378
1373
436
1127
1186
1171
1171
202
1295
202
1407
202
1407
1520
676
1330
1520
1599
1599
118
1084
272
52
865
52
118
52
1599
1599
1318
109
109
995
1524
1208
1318
279
85
1599
109
109
909
52
633
1318
1318
1318
1318
571
160
1016
1451
589
571
589
160
160
160
109
109
1604
945
1604
506
1604
264
1021
1604
1084
1084
1029
1188
1604
299
1112
272
272
272
1474
1474
1474
1611
1611
304
1616
818
193
1611
1611
109
109
109
1611
193
193
537
193
1461
1461
940
1461
747
585
1461
234
617
94
234
234
234
234
617
1229
1110
1461
585
1195
585
1461
1461
1461
1461
549
549
1174
998
498
498
1502
1474
1474
1103
304
1616
1186
218
657
739
985
1569
1569
1476
657
631
1476
1476
1049
1502
1502
1502
1208
428
428
571
1629
873
1551
368
1105
977
1354
918
1096
368
232
232
1354
362
1354
371
1629
440
161
1629
1598
1629
1629
440
969
1551
528
1551
1551
499
571
571
440
1281
1281
783
440
1354
526
34
34
1611
526
362
371
828
1060
161
335
1098
1573
1461
427
19
427
19
1051
93
1051
19
705
19
1461
1461
378
93
93
1573
93
1122
531
531
531
503
503
503
503
1122
963
1494
79
403
1335
429
429
1573
1078
1078
1067
1588
8
8
1494
1494
1561
317
640
1561
640
441
287
1561
1561
742
223
1561
1229
1561
441
1425
1078
441
1127
1127
532
441
10
441
1127
1588
1078
1364
1364
1364
1364
1364
1140
1364
1364
324
1533
1460
1364
1364
317
171
532
1273
918
1165
1373
923
1373
1373
810
1373
810
1057
1494
1196
376
196
1494
196
1516
196
196
1418
1210
1210
444
444
3
587
502
444
444
420
1210
1186
3
587
41
444
1210
166
1210
502
534
502
1128
587
951
587
587
6
6
1418
1418
1418
534
166
166
224
1446
34
166
1446
1446
1446
674
1236
1446
1633
1550
1550
1392
803
1550
1550
1550
674
166
1633
356
34
1550
1550
1550
1430
994
1550
1550
956
1550
288
1550
1550
185
166
83
161
161
161
161
1130
1587
161
743
161
161
161
1318
105
1318
105
105
105
1389
674
1017
105
105
105
911
911
1523
665
1523
911
27
794
794
27
27
27
183
27
27
27
553
31
27
501
31
1562
31
27
27
275
1562
501
197
1552
1420
1420
741
1420
197
741
741
86
501
564
501
501
501
1125
1259
501
501
1552
275
1520
275
275
1520
651
1520
698
1214
1214
1520
1520
1520
1214
1599
1599
1325
1599
1599
201
74
1599
1214
1214
651
1613
275
275
741
741
197
1143
552
197
1445
201
201
1308
646
1308
19
1576
1162
1308
589
1308
1134
211
205
211
205
1445
721
607
1618
197
197
1618
205
211
1444
1283
197
783
205
205
1355
205
1055
197
197
563
563
197
197
341
341
1106
563
646
1143
1143
399
1445
1445
1281
1445
1435
1445
1445
405
1445
1445
65
1126
965
65
782
1300
65
65
1298
1445
65
65
1161
1300
65
65
65
65
65
1281
1281
1281
1298
1162
1131
1553
1574
1131
1298
1281
1223
1281
201
1355
1355
205
205
19
853
153
1576
1576
1537
1537
1302
731
1302
1355
1355
1409
731
1355
1576
1576
1131
211
211
211
355
741
741
741
1552
1553
1025
1155
1574
1553
1553
1584
1574
1238
1355
1559
1317
1317
1226
270
1355
1355
1355
523
1355
1125
538
538
1618
1634
1082
1634
1283
1283
217
217
34
1432
1432
1432
217
1432
1400
1432
1432
454
1432
1400
1264
1400
522
522
1438
88
1329
34
1432
1432
1445
368
1523
1613
1613
1613
201
963
327
251
1409
746
1634
1184
221
1634
1184
1184
221
1486
106
1140
106
487
778
778
630
487
487
407
487
1072
992
487
223
1435
356
356
158
356
1196
158
1435
1435
1435
528
528
526
1003
1417
1417
246
246
246
158
158
158
158
779
349
246
246
1345
246
394
394
1218
349
394
460
823
1083
1640
1180
345
1180
1404
1180
1180
238
230
230
441
546
441
441
669
441
441
1143
799
1135
1165
1633
847
1633
157
1491
1633
1342
1633
1517
1449
498
1633
157
157
1342
1399
1342
1342
157
157
157
157
157
1633
1633
794
1441
1491
1491
1491
190
1101
1491
1491
1491
1449
1449
1415
1633
467
884
1262
1633
1515
1449
1253
1320
467
598
467
364
1633
1633
788
788
1463
1565
1565
457
457
457
1142
587
457
958
1031
587
1498
23
59
631
23
1476
1498
1599
1498
1498
1627
1627
29
29
1627
29
29
1430
1498
29
87
1283
87
87
87
822
23
145
97
145
145
145
1162
1627
1627
1329
303
1329
1627
1278
1053
1627
303
1615
1615
303
303
217
1066
442
442
442
1580
442
217
217
217
303
1625
442
1283
1283
795
1328
1418
743
1342
483
1155
1283
1328
1342
310
1283
295
1462
1342
23
97
97
1462
743
1231
1231
1231
1231
1231
87
87
59
59
865
1062
750
745
264
1175
59
59
263
263
59
59
75
561
9
9
87
75
87
87
1337
87
1295
996
87
1592
87
16
1015
1093
1337
1299
1337
87
87
87
87
87
475
1317
1317
1297
87
475
475
822
1317
97
1317
1317
1317
1317
1317
1317
1094
1317
75
1388
861
1388
861
861
861
1311
1317
50
1604
1317
1317
50
1329
1416
1502
1502
817
1140
1377
1416
673
1502
1502
817
180
817
180
142
837
95
1445
142
960
95
1445
1445
1445
1445
141
141
404
141
404
1533
1369
1369
1369
372
1369
1369
1369
68
1369
95
1369
1546
1495
1546
1546
442
866
1546
867
1546
1174
1041
16
776
902
16
1603
1546
442
435
1546
1546
1546
1546
1034
53
608
1177
1546
1066
1546
1546
1546
1546
263
1518
1466
1546
1546
1032
1466
589
589
1466
912
1216
1024
405
1466
1466
762
1165
1466
1225
1466
822
1466
1132
1466
1466
1466
1466
776
1258
777
1638
1145
1638
1638
1638
1638
176
486
442
408
1407
1544
442
442
1466
1466
1466
1466
435
822
1518
1518
1518
1518
527
1606
1606
1207
1518
1518
1359
768
1359
291
1359
1518
1359
1066
296
776
1638
206
1193
555
395
1638
1018
12
34
34
1218
656
1202
656
1202
1202
572
856
512
681
512
512
681
259
512
790
512
512
512
512
512
512
345
512
512
512
512
512
562
562
640
562
753
753
562
562
1282
1514
898
1575
1514
1195
898
1064
1133
1032
380
996
380
380
803
1500
1449
1449
1449
301
337
1449
1449
300
1449
79
1449
360
936
1449
597
1449
597
79
1449
359
1449
1113
1296
1620
548
279
231
548
105
548
548
360
360
360
359
360
359
1029
359
247
105
105
105
105
623
105
105
105
181
105
105
105
231
616
626
231
231
421
1605
231
231
231
975
359
308
703
1071
131
202
359
359
202
1281
934
1489
202
202
1489
1489
359
359
359
359
247
231
231
231
231
1269
1087
1544
231
925
231
324
231
820
820
395
1620
202
202
202
490
255
37
37
566
490
490
255
775
1175
37
198
1477
219
1477
1477
1477
22
680
22
22
22
22
1477
22
889
22
1101
22
1168
1424
1424
1424
1528
1424
302
1424
942
1571
1403
1571
1571
1123
22
823
469
22
165
1101
680
129
550
129
129
699
550
550
1184
583
1362
550
583
1362
865
583
805
583
545
583
975
1617
545
1184
124
1264
124
1148
124
1184
650
761
761
56
770
1184
1637
816
960
1637
1184
1184
1148
1264
142
825
142
1233
142
142
644
402
142
142
142
431
431
142
142
203
203
1383
1389
142
142
1389
1626
1617
1301
1617
1467
1467
1467
1540
1540
618
1467
1475
396
1467
1409
704
25
1467
1467
1467
118
746
1467
1467
820
1467
1432
1432
1432
1467
1467
1540
961
871
1372
37
1372
1372
533
1372
328
1294
1170
430
37
366
1372
1031
871
37
961
533
533
446
768
31
446
446
768
31
31
533
704
851
423
423
2
1205
2
2
2
2
1445
1446
122
1058
1446
1446
465
1636
1446
1636
1636
1446
140
1446
1446
1416
527
792
1446
1602
1213
1416
1602
140
140
140
1026
140
1080
47
438
438
738
604
86
438
86
1204
1328
315
1328
1204
1204
1204
604
47
47
47
604
1445
503
1311
503
503
503
1311
1445
503
503
867
503
646
503
544
4
503
1358
242
1358
1331
1358
1331
1612
901
544
819
1348
1612
1331
289
542
491
491
491
405
503
503
896
503
503
1612
592
1612
592
491
194
491
1051
491
544
920
1612
267
1590
618
515
515
746
515
515
22
515
22
1472
8
1612
8
995
452
1370
1370
1156
1370
289
618
1156
1370
1528
124
374
626
1370
1370
124
1370
1370
486
1370
1370
171
1370
1370
936
590
1331
901
1348
752
1348
1472
1472
1472
1141
746
503
1472
1472
1454
1348
136
136
136
136
845
1348
572
115
136
136
136
626
626
626
626
891
866
491
766
491
307
128
128
307
1155
1578
307
174
226
949
226
174
1141
966
1155
1132
899
136
136
452
452
136
136
94
1314
136
136
1117
136
136
363
22
8
8
558
8
1181
8
558
1026
1424
531
1424
616
1315
1315
424
424
1315
616
1026
616
1315
1628
1628
689
671
1424
1424
1424
1424
1424
1424
1079
1084
1196
162
74
1601
414
158
158
1470
789
158
158
440
440
398
440
419
419
158
440
419
532
409
1272
1272
1470
1470
339
1453
1530
1453
156
1635
156
1453
1634
1634
156
1117
1453
1117
1453
1116
96
96
1441
1441
476
610
1441
1441
1441
1441
1441
1441
1441
1453
476
1530
1530
738
738
1016
485
485
1635
1635
738
1634
1634
949
1634
949
1475
1634
1442
468
468
1264
1634
1442
913
468
214
856
468
468
1573
1242
949
1173
214
1328
214
1444
214
214
214
214
1477
214
214
367
214
34
214
34
884
436
34
268
1477
1477
1477
225
225
225
214
214
214
550
550
550
550
550
550
214
214
1070
214
214
214
34
214
214
214
214
214
895
1556
225
1571
389
907
124
225
389
225
1007
654
1267
373
124
124
1359
124
1571
1293
1495
1485
1071
228
513
1391
57
1391
1293
1261
1293
460
1293
1571
460
1534
1534
678
1485
513
513
513
509
949
654
1053
1545
546
546
580
641
546
1361
1361
1361
468
468
468
468
1386
1432
1432
564
564
564
355
1390
564
626
564
1504
564
842
1504
1432
1075
242
242
1075
1075
1432
1613
1468
855
1613
1468
184
1468
1613
1613
1005
1613
1432
1062
1432
1432
1504
626
1504
747
1504
1504
1504
1504
1485
1485
197
646
1361
1475
156
1314
1451
1563
1314
1451
1636
1451
1636
249
1563
1563
156
156
156
156
1314
1314
1073
1314
872
1563
1563
156
60
1624
18
60
156
156
991
156
18
185
18
151
664
1114
840
18
8
1558
1332
1030
336
1405
1331
1332
18
18
882
256
18
1558
840
18
1030
8
1096
1314
1346
1346
342
1540
1346
1346
1346
383
1405
18
18
18
1330
1018
515
515
515
515
240
18
775
1331
84
84
84
84
84
84
18
156
156
156
1314
1314
1314
1242
1442
1444
1459
1512
893
1196
159
893
159
893
1459
1459
1459
1459
1337
1337
1337
1489
1337
1314
1314
228
49
1303
1303
228
49
49
6
1314
1314
654
975
1314
1314
49
1314
854
6
6
6
822
37
37
37
102
102
37
37
49
1506
889
414
49
414
1572
414
795
1572
1572
1572
6
6
237
237
438
31
237
237
6
1431
875
6
6
854
6
1431
1431
1050
1112
611
1431
237
237
826
1299
17
1249
1249
251
237
1365
224
377
1402
759
237
478
1532
1365
352
1365
1256
1365
1256
1256
478
1402
224
380
968
863
10
1238
841
612
10
10
1254
650
1238
863
841
841
863
863
841
10
10
10
237
668
281
668
31
198
31
31
1501
664
31
31
31
31
31
1512
1277
31
1512
187
297
1160
31
31
1512
1501
187
187
187
1151
1501
1104
977
1501
473
473
473
198
984
876
198
1365
1365
1299
1501
1501
1501
1501
1365
1365
698
337
1501
1501
583
583
583
583
583
583
1383
1383
583
824
1449
63
63
624
894
160
1449
1449
1449
839
1449
691
646
294
839
1476
926
1494
643
869
1494
926
1476
1476
499
625
1476
1476
869
1476
633
583
970
583
1476
1475
1475
63
621
473
583
1518
583
297
1372
1372
515
515
515
359
359
515
1549
1549
1057
1492
1492
1492
515
515
900
515
515
1549
1473
480
1473
1060
359
359
1161
359
359
223
1492
1492
1492
1380
1492
506
1492
1163
1452
1452
1452
1452
1452
1326
1452
1452
1492
1185
918
1492
1492
1492
1546
1492
461
737
1320
484
1056
1157
639
1492
483
1492
639
843
1320
496
496
1266
1266
1546
856
212
1546
1546
1546
461
483
647
1042
972
506
1056
1056
1492
1492
1492
1492
1492
1492
1492
201
1492
1567
1567
874
1492
1492
1323
1323
201
201
3
201
1014
1014
201
359
444
392
493
444
444
444
444
444
1546
231
231
812
1546
231
980
1045
980
231
1632
231
231
1427
231
727
714
1041
1630
231
231
702
231
1015
881
1632
1632
1466
1466
1467
1466
945
829
1466
1467
1467
945
1467
676
1473
404
1082
1632
656
1632
945
945
1632
1632
909
945
1394
945
945
1467
1467
687
1467
1394
656
1492
506
1527
506
506
506
506
425
506
183
425
287
212
212
349
713
212
1637
212
1127
1637
1637
211
212
212
212
211
404
481
481
312
625
1516
481
481
481
335
803
481
1516
1112
560
560
1123
19
916
560
560
1516
160
1085
160
1516
160
1609
160
160
160
160
92
1194
92
92
92
92
92
92
1567
1326
404
1452
1452
1452
1452
485
1452
1452
651
711
1452
1452
384
1171
1452
1452
987
1599
320
1452
1452
1599
1599
1599
664
384
816
1599
1599
76
1599
349
1165
349
1040
806
23
1031
446
23
1582
1599
1269
76
76
1039
1452
1452
1452
867
1452
1452
55
1452
1452
985
1452
952
1452
1452
55
1403
446
1227
1261
1227
446
806
1599
1599
1599
23
501
23
1014
1452
23
1014
1170
1621
1002
1621
1366
1133
1621
1621
1621
1405
426
426
1287
1427
426
515
804
1621
426
426
426
426
426
1267
426
804
1258
804
55
55
55
55
700
55
55
711
1153
387
387
1261
426
1502
1502
920
437
1505
437
1475
1501
229
941
835
249
249
249
825
1635
1635
825
1625
213
213
213
213
213
213
1560
213
213
736
213
213
850
396
1560
396
1108
1200
434
434
722
1436
217
434
547
293
434
907
434
434
47
434
187
434
204
204
434
434
1172
66
736
187
751
217
865
1540
1109
1540
1238
256
794
1451
823
1451
1451
1451
1451
321
1451
460
1373
1451
1477
1451
460
460
460
1540
1451
1532
43
43
136
136
458
136
1015
84
84
500
500
735
84
136
1432
1046
712
1015
136
136
136
1046
86
86
86
621
84
84
84
84
223
223
84
84
223
1537
780
46
358
46
806
628
806
358
675
1621
1265
969
1621
760
1621
1535
241
1065
1535
20
1612
544
20
20
20
544
1205
1298
643
20
780
1194
20
544
1612
1612
1612
597
597
597
617
104
1612
158
1205
423
544
1205
1205
135
20
295
711
104
104
657
657
657
657
657
1341
657
1238
1265
1265
294
444
416
1099
1275
793
1275
1275
1360
1360
1360
1030
1360
1360
1360
415
1360
360
560
1209
1627
2
1184
1184
611
1524
1288
1066
1184
1184
1184
1524
1524
554
1524
1524
1524
1524
1524
420
1059
399
379
379
1512
1512
814
645
38
1512
814
691
814
1303
1023
814
19
814
814
481
481
814
492
161
492
481
390
481
144
481
1160
194
194
165
194
165
481
814
814
1176
1176
1176
35
795
1160
1176
1176
38
38
1154
38
194
194
194
194
194
194
194
4
194
4
4
679
679
679
942
4
4
491
194
194
194
194
194
194
481
481
481
1303
1176
390
724
279
596
696
1349
596
724
80
801
106
56
80
724
724
724
1349
1349
1349
1615
1201
1615
1615
1519
689
518
1637
513
1426
513
980
980
980
680
1554
613
1580
980
1589
107
107
279
107
513
703
879
1589
668
1554
1589
107
1299
513
513
513
513
1375
513
513
513
513
513
1064
513
513
107
90
1505
980
326
90
90
306
389
421
923
306
1236
306
1236
389
389
1554
1554
1554
288
1554
1554
1554
1554
1554
702
893
69
893
1594
1594
1143
1551
86
171
1518
115
1551
108
86
108
1551
115
1133
1433
1433
599
599
474
474
474
107
474
502
1433
1518
1518
11
960
11
11
860
275
1433
872
860
960
582
582
582
582
960
7
582
582
1433
1433
1322
1209
1209
1209
1209
16
16
1433
52
52
1209
1209
1209
539
539
1209
1209
52
52
52
173
1322
818
1322
894
420
1432
818
818
86
86
675
675
582
11
1169
839
847
1136
815
11
11
839
801
847
535
535
535
387
535
398
535
535
1568
535
535
387
387
54
839
242
1169
1169
975
1169
11
11
108
344
171
171
171
1613
1358
1072
1358
1383
1613
171
1184
502
502
1136
1209
220
1209
153
667
1209
385
1209
175
153
153
1302
610
220
220
939
325
610
1302
667
897
897
1209
1302
1302
1302
582
582
1310
1310
1337
217
27
27
217
492
217
684
508
1337
1337
1337
1337
1337
1337
1337
465
465
465
19
1337
1337
465
465
500
500
1424
27
1389
27
899
565
74
381
422
27
27
27
27
565
565
27
522
522
693
27
565
703
1468
1019
654
1468
711
654
256
60
204
321
60
104
1291
1291
1291
1262
1291
60
60
60
869
206
60
60
60
60
60
1566
773
977
773
533
1353
987
60
60
60
60
330
60
1083
274
60
1566
773
204
204
1311
911
407
1027
1560
1296
1560
1291
1296
911
1016
911
1612
38
141
991
630
141
1125
489
489
489
663
265
489
1467
1467
489
489
1467
1467
489
489
498
947
1165
994
994
1486
1486
672
1117
672
1040
975
98
1131
20
20
98
20
1631
1369
1631
780
1631
1631
1217
1631
841
1025
990
652
841
841
874
86
1131
86
1631
1119
1025
1631
1219
1631
474
679
1492
1074
474
474
56
56
56
1492
1492
1046
1492
1436
1492
1492
1492
1119
1492
1492
1492
1492
1282
1282
1282
874
1282
300
1282
307
390
1315
362
1116
1469
1469
1315
1351
594
594
594
613
594
594
626
626
1182
734
1469
1469
1182
1633
1001
1345
1633
1107
1546
1252
1633
1252
356
356
1546
356
356
1182
356
1182
1578
1116
1116
1116
1546
1154
966
869
1546
1546
1199
390
390
870
1062
390
1154
613
613
332
613
1315
1169
1501
1501
1169
1169
245
1169
1169
1014
561
245
245
1135
1262
37
37
1169
561
561
561
561
561
1297
1152
690
37
1135
80
1467
1467
200
1467
1172
1467
1467
1467
1467
1467
732
732
732
1420
732
1113
1420
841
732
732
1466
1161
1466
1466
1466
1466
888
1466
626
911
1466
49
49
570
1466
1275
570
911
1394
911
49
911
301
911
941
911
911
941
934
495
495
495
563
567
646
495
1624
495
174
1624
259
1624
246
26
174
56
1584
174
29
9
23
23
23
115
115
115
1172
1410
1288
229
1085
23
647
1057
49
49
49
780
1057
909
23
1584
563
145
311
563
1321
1321
1437
1321
738
1513
1321
1513
71
71
738
1513
229
229
749
229
229
229
229
23
1635
1296
1319
1485
679
1635
1635
1319
976
1636
1636
524
1635
807
261
1485
56
56
761
56
1636
957
1636
256
64
1636
313
64
1636
637
1636
1636
1636
754
1636
64
64
64
1636
1468
426
211
1468
1468
336
1468
1468
905
415
1522
543
1468
1468
1439
1468
905
1468
500
1468
1468
128
314
901
532
925
1460
1460
314
173
123
314
1541
128
1590
128
1460
1460
1188
1611
1460
1460
681
1122
123
123
1460
190
1460
506
1460
1481
1460
506
442
442
1460
426
426
567
567
812
1240
529
1571
1240
567
567
529
743
812
427
427
427
1073
812
812
1530
1530
64
64
671
1459
761
754
314
148
1073
1348
1348
1305
304
1305
1305
470
470
1088
1305
592
592
1042
1369
470
162
470
162
759
162
166
1070
166
166
681
1541
719
304
972
304
827
874
129
129
1111
129
1348
1437
1322
1437
625
1322
470
145
551
145
283
145
145
145
677
1330
987
853
987
1121
429
221
1051
479
479
1135
991
479
1290
853
1136
145
145
145
547
487
1088
1311
1311
1088
1011
487
487
551
1459
17
551
595
887
1354
997
551
551
551
17
17
17
427
427
1306
158
427
427
1362
148
148
1362
17
427
795
705
427
427
96
96
96
17
1282
427
158
158
795
1311
848
1311
1040
1340
1452
1340
1180
1340
1452
1569
495
495
1452
1452
1452
167
860
1452
1452
167
495
495
495
1311
604
604
495
1040
173
1628
466
466
1628
466
466
1617
363
1628
1040
1628
1628
173
173
335
1136
148
1617
88
88
88
1617
1195
887
242
652
1213
1213
242
1569
638
1340
1340
887
551
551
591
591
795
1195
1195
1362
683
1342
1616
1342
1286
1342
1616
1255
1616
1342
361
1325
1342
1616
1616
361
276
564
276
564
564
1217
886
1068
1416
1068
1068
1616
893
1047
1213
190
1600
1616
1616
1616
483
1616
1616
259
483
1616
1616
1616
600
795
355
1263
1616
128
1616
600
1025
1025
538
392
865
1616
320
1425
1616
321
1616
1616
165
1416
1416
350
1571
1571
735
457
619
1571
457
1558
1530
466
466
815
956
1109
466
466
1432
426
1516
466
466
1516
466
426
539
668
1432
52
1512
52
1432
1267
1593
1593
742
742
970
485
1360
1367
1360
155
155
302
1460
1460
1460
1460
1360
485
485
1339
1339
87
87
87
265
1339
426
426
426
426
426
426
791
426
1258
426
737
184
1481
426
881
538
538
582
803
582
582
1491
582
1491
1491
692
1551
1551
1412
1551
1491
1464
1268
1491
1491
276
1491
1598
347
1491
1464
1464
1464
1481
276
1491
483
578
1491
1280
483
483
1379
1491
1491
582
506
506
506
506
1303
672
506
602
506
602
429
429
258
598
598
951
951
429
429
1308
1198
1308
1308
1308
1284
1284
1602
1602
294
150
1230
1230
1284
1284
22
1284
22
1284
1034
150
150
479
150
361
1284
429
429
429
429
429
429
983
429
1205
429
1589
1318
429
42
1394
1138
42
1440
479
1440
1440
1440
1440
1440
1440
429
671
429
671
1318
122
510
510
122
1596
510
122
429
1047
510
510
1340
670
233
84
510
534
17
84
77
39
510
510
510
829
1283
829
757
81
165
165
81
1401
510
867
510
84
102
102
598
1340
635
663
663
1132
1340
1340
512
1363
1363
1363
1340
366
512
512
598
598
938
938
938
938
1363
746
418
1283
598
598
635
233
397
233
233
233
1495
233
1115
617
1495
839
983
641
1495
839
71
1046
1416
1244
80
1115
1115
111
111
111
1536
1456
111
246
301
246
1304
1304
1304
246
641
701
555
1456
1436
575
1456
575
125
1073
1456
1536
778
84
510
22
1283
281
498
1078
126
498
498
1296
498
498
498
498
498
126
951
399
1308
42
42
831
362
1204
300
1204
732
1166
1544
1204
1204
831
1204
1611
907
1204
1611
1611
997
1279
1191
997
732
42
1029
735
123
208
1150
208
123
208
1365
601
601
601
601
112
1138
601
1512
1512
431
1439
1439
369
916
190
190
609
190
190
1335
190
1335
190
190
1335
1559
425
1151
137
137
137
137
137
137
1497
1497
425
1038
1297
425
202
1559
1014
235
68
1109
68
1014
439
84
84
1149
84
142
87
142
87
1178
1298
84
692
1198
1269
434
1205
1298
21
678
1298
84
856
842
1023
121
922
121
477
84
1234
1488
84
84
296
1070
1488
922
876
87
142
259
142
142
142
1274
736
142
142
1217
1306
199
1598
142
1503
199
199
199
807
807
292
807
199
697
296
87
87
584
87
584
84
1488
1488
908
1488
1488
1488
1194
1194
121
1471
1471
121
88
88
88
121
88
142
1058
142
1388
409
142
1594
1316
1401
1019
540
1316
679
1316
668
1621
41
1621
1217
1316
1498
1621
41
725
679
679
41
1596
137
749
719
1522
1115
867
696
1639
952
1639
1556
1639
1639
242
242
431
1379
760
71
71
287
71
665
22
1421
1421
1421
1421
477
759
538
477
665
1421
1421
1421
1421
425
1421
357
425
1421
597
1421
71
1437
1421
1093
1421
597
597
1421
1421
1011
1022
1421
1421
1421
1421
1421
597
305
597
305
305
305
108
964
108
305
1576
1320
1576
1576
1064
545
482
1125
1576
545
435
435
482
49
239
482
1393
435
435
49
49
737
102
49
435
435
260
305
349
435
1126
305
466
466
466
907
1514
46
36
46
1514
46
661
907
36
36
36
36
36
550
761
550
36
567
550
1175
1626
482
1626
1626
482
480
480
224
482
482
761
480
665
480
1505
1175
1175
1505
1505
36
380
179
36
36
592
592
712
885
1189
1445
36
179
1046
1469
1469
102
1469
179
1135
36
480
1395
1395
1395
1205
1498
1286
1270
576
633
188
1081
1153
1313
576
1563
633
1153
576
576
732
1158
1213
576
1213
1213
1270
506
403
506
260
506
1270
1563
1563
805
1573
753
188
1243
48
188
188
576
1053
544
576
576
576
1492
1492
738
1073
1492
1492
132
22
908
708
22
652
1565
22
22
22
15
377
22
22
576
497
778
544
544
497
497
506
506
506
273
273
65
312
506
1492
1492
1083
751
1492
1492
309
1550
1492
1492
1492
927
748
1492
1492
497
497
515
497
515
497
515
912
515
515
1094
15
15
927
1573
22
22
22
1207
849
605
556
22
318
22
318
318
99
99
370
1296
99
22
22
558
22
22
1563
883
64
1563
665
64
64
64
64
344
1064
241
1064
64
1440
1440
1440
729
1379
270
1440
1334
1043
1440
64
64
870
64
817
1440
1440
15
1077
817
1196
508
1399
817
957
817
273
1149
1043
1173
1173
870
957
849
546
471
1343
1525
1525
1235
1343
1525
76
303
303
34
34
34
662
34
1286
702
76
1349
1349
1042
1343
1343
1343
546
1111
546
849
849
849
849
849
849
471
471
931
931
903
931
1365
471
1314
1130
303
471
45
45
471
324
1343
142
121
418
1343
635
1343
546
1318
1126
1318
1318
1318
1318
69
1318
164
164
164
1318
1318
1318
1432
1432
389
674
1432
584
1332
1432
584
319
239
389
389
1008
1429
886
1609
1609
1611
1611
1429
1236
1114
99
1429
265
1429
414
1429
1611
1611
99
99
1609
1609
433
313
1429
1429
1429
886
584
946
1183
849
584
1628
1628
1294
1457
19
1151
1628
1628
1617
1231
673
1553
541
771
1231
330
1553
1289
1116
702
1326
1326
760
539
660
901
333
287
983
458
1289
1289
167
285
167
1289
167
167
167
844
1559
1559
718
189
1559
167
1245
343
1326
844
19
330
4
541
541
458
458
167
1617
1537
1537
1537
67
1515
1515
67
261
635
530
1537
842
1172
755
842
67
67
67
624
802
1437
941
67
67
1437
541
1113
541
385
1617
607
1172
1553
541
1548
396
541
160
160
445
445
445
1602
445
160
160
728
1129
160
39
1194
379
39
39
445
445
755
1184
1184
9
9
819
9
9
646
7
1043
7
1043
927
927
320
1126
770
1126
82
82
82
8
82
1126
1411
1126
1108
82
49
49
644
49
49
49
841
82
1565
1481
1481
458
458
851
1223
458
855
855
275
275
1393
782
691
458
218
1372
458
1372
1372
1372
724
324
724
324
1372
1372
1372
636
781
1362
1372
264
1372
1362
1362
1362
1095
1362
278
114
1362
495
1362
210
210
1414
495
114
114
1362
1372
886
1372
540
1372
1372
1372
1372
660
1151
65
1372
1372
65
1372
543
1372
1372
1372
473
1372
131
1372
473
1372
1372
1372
495
742
495
284
495
886
278
264
473
473
1093
473
1021
1435
1435
1435
935
935
935
1613
1613
1613
1613
1613
1485
1223
1613
646
1613
1485
29
1613
1613
1613
1312
1485
1485
6
6
369
1406
6
935
1095
4
4
874
1429
1628
4
1311
1151
592
592
592
4
4
4
278
278
4
708
1429
4
4
1615
836
833
439
4
845
66
763
1551
845
4
4
897
1551
1551
859
1551
1551
1551
1529
1146
1551
1259
845
392
1025
392
1529
992
1529
126
1622
1610
1610
1529
439
1615
1615
1615
77
1615
1615
77
77
1568
196
1615
1615
729
1338
247
1615
1338
1338
1338
1391
426
183
585
585
821
1338
543
1338
1338
788
1458
480
1225
270
554
780
1458
1458
1458
480
543
1391
1338
1338
1338
1338
1087
1338
414
1225
795
480
1147
1306
338
1288
1306
60
60
60
1306
543
1458
1458
1458
1458
1458
1508
585
1565
485
1621
1621
268
585
585
916
585
1565
35
930
412
35
35
35
930
930
499
1078
499
981
499
499
1068
96
1495
1068
1097
506
506
506
1097
95
95
960
1097
506
506
107
107
797
107
759
107
107
107
268
1147
107
1147
369
1565
107
28
1015
28
28
28
28
107
1225
499
499
499
1338
289
1338
149
561
623
561
677
367
559
1110
1338
256
561
651
368
561
1110
1338
565
1417
1338
126
865
565
21
21
21
368
1251
1417
1085
21
1228
772
561
1288
216
1092
1116
481
576
1507
576
216
216
216
1507
576
576
236
1274
414
1255
306
236
868
576
576
306
1228
45
1228
45
45
682
45
1303
45
216
216
216
160
216
1165
216
845
622
216
216
1276
1276
160
845
993
1276
845
494
210
845
140
210
505
210
51
373
51
51
1076
210
943
943
210
1020
1276
1498
1276
160
77
77
77
577
160
1340
1340
77
1340
77
77
77
77
77
505
505
808
808
524
808
524
505
1165
373
943
943
943
676
1276
160
160
1092
845
559
1326
1326
546
1326
992
236
236
1583
239
1568
1009
1326
239
988
1568
580
236
1568
1568
533
439
439
1568
794
611
1568
794
794
794
794
808
747
1068
494
494
439
1564
1564
439
439
103
65
65
65
1626
1517
148
65
65
796
65
1599
530
65
1599
1599
1599
148
148
65
1115
1409
1115
1413
148
148
427
592
148
592
18
592
18
1517
1517
50
693
50
1599
773
916
1517
1424
712
773
434
434
1374
434
521
634
385
434
1002
434
1424
708
1599
1424
889
1424
1424
968
738
968
1424
1424
1424
530
1431
1431
1102
693
1413
434
664
1597
50
50
226
50
702
272
483
1224
50
1419
225
50
483
483
226
1368
1368
226
1445
143
1067
1011
143
1445
1568
1445
513
835
376
1112
513
1508
1445
1172
143
143
1368
1368
1224
1224
1245
143
143
50
50
50
1445
1445
751
751
427
427
69
1296
427
427
404
427
427
427
950
179
950
69
47
47
47
47
69
1273
1133
1042
1296
280
1273
179
466
314
1559
600
883
666
766
314
1062
466
466
466
466
1091
1091
1150
172
445
176
172
666
1244
429
831
429
429
1216
429
429
429
1062
172
172
1011
172
852
172
1581
1133
449
449
1578
206
449
449
543
1291
1381
86
666
466
466
1026
343
466
466
839
863
466
590
839
176
445
445
445
343
343
314
1449
122
314
314
767
173
173
314
1429
1429
1615
1615
1521
314
1615
1615
1615
1615
69
1615
441
441
99
441
1306
441
1615
522
522
1286
522
48
1345
774
1554
522
1615
1345
990
1554
1554
377
1554
377
522
543
1449
1449
1449
680
1449
68
68
68
68
522
522
1537
1066
1537
939
143
1398
676
143
143
1286
1306
1306
576
1490
1218
1306
1040
662
1058
1058
1058
1306
1306
343
1578
1019
173
1554
1250
1560
1560
1560
910
1556
1556
1556
1058
1058
1069
1069
1556
1556
1556
1218
314
314
314
314
901
1266
1266
314
1376
815
1376
693
1410
1446
1418
1418
1008
372
693
1446
815
1067
815
684
1058
1521
1294
1200
1213
1
1
499
1269
1
667
1
1269
499
499
499
811
1193
499
499
720
499
1041
1041
374
374
1022
54
499
1376
1599
1599
1599
191
921
1599
1599
987
1599
213
553
1599
1431
191
1431
1431
1431
987
103
103
103
103
103
103
103
921
1599
1572
1599
1599
1599
213
921
1599
1599
1599
377
377
450
957
1056
1056
1102
377
377
483
483
560
560
1056
1056
377
654
552
654
1264
1264
377
609
1458
609
1458
1458
1458
620
1458
687
1458
1458
107
1458
107
107
107
107
107
1458
1458
512
677
1458
779
970
512
1402
1458
1536
1458
871
1458
1008
797
1008
385
1445
906
383
383
1398
145
1517
1517
538
1398
1269
145
145
1487
464
464
464
464
68
68
427
145
427
427
427
343
427
1366
1366
427
427
1366
1321
1321
1091
1321
1156
1366
1366
427
1321
427
427
427
427
1395
1395
1395
427
1329
231
218
427
332
427
427
427
8
501
501
501
398
427
501
501
1428
501
913
555
1268
509
501
509
509
1468
1067
1468
1468
1468
1468
1067
1522
501
99
501
501
1468
1468
1468
362
1468
1468
1468
1468
712
1468
345
120
1468
1056
1468
1468
1468
1056
209
1468
660
1468
1468
501
498
1526
1226
15
15
783
1526
15
1395
1395
134
836
201
1468
1522
1462
1444
1462
1522
1444
1522
1522
620
1164
1522
1508
1300
550
920
1300
1026
1459
1026
221
1026
1300
1300
1300
1300
1321
1321
1321
1321
1321
791
1321
1321
1321
1508
791
429
1508
1530
559
1070
991
429
1508
1070
641
195
195
195
195
641
1073
1636
1073
1073
1073
1073
1233
1073
1233
1073
1073
1073
1073
1066
1376
292
292
1282
1282
1282
1282
1282
1282
1313
1313
277
1375
1606
1313
270
1125
1375
1375
989
1375
319
1048
1375
1375
1315
1606
1048
1313
1631
1313
586
586
638
586
1606
1321
1631
433
1315
1631
1375
1631
1631
1631
1631
638
1507
1507
1507
195
195
1507
1507
1507
632
1507
1507
1507
808
808
458
600
196
1051
1048
1051
1255
64
1048
64
1136
689
164
164
64
375
64
64
164
164
164
534
1392
164
164
534
534
164
274
274
274
530
1148
641
78
641
641
919
495
495
495
777
1194
1363
1363
869
329
454
1363
1363
1363
454
217
217
217
217
157
500
500
1508
642
217
217
564
1178
110
564
1503
217
217
1386
1415
1219
1415
500
791
791
1307
1611
1611
739
1611
1307
1307
217
217
1496
1496
217
1510
1510
217
217
805
217
886
217
1234
869
886
217
739
1510
1510
1117
1510
1503
138
888
138
1584
138
886
886
326
500
500
93
291
93
1257
93
93
730
500
1431
1431
1431
22
616
654
22
777
1
769
1592
1431
1431
1431
22
22
22
1
500
500
1
616
1592
1446
1431
1431
1431
1358
1382
1358
1588
337
1358
17
643
79
1358
728
163
17
163
163
1358
354
17
17
177
1045
177
17
1588
79
1568
79
1568
1358
7
972
1358
7
1358
93
372
1078
93
1488
110
456
456
1446
138
831
138
309
901
138
1171
1171
138
309
309
309
1171
1171
1386
388
388
122
122
388
388
1304
1304
883
388
388
1136
1074
135
135
135
135
388
956
625
1469
1454
1454
1366
1469
1469
1282
278
1469
1469
549
1469
549
1366
1469
984
1469
959
1469
1469
1469
1469
1521
1469
959
1521
1521
1521
1521
1036
1514
72
1514
1514
1521
198
1521
1514
1514
1514
1514
1382
1514
917
1514
1514
1514
628
1508
1117
1117
75
1567
280
1487
470
75
1366
935
1366
357
357
909
1489
357
807
327
807
1497
1366
1282
405
1282
1282
278
294
294
278
807
807
549
1239
549
596
1619
1600
709
172
599
172
1619
880
596
1619
1619
172
1619
1619
596
1048
1600
217
1241
869
959
959
1168
1053
291
1053
1275
131
72
72
72
1241
350
1449
1449
571
1449
408
1449
1355
1355
64
571
379
1494
379
1494
350
1241
1084
350
571
1449
91
91
91
598
354
458
91
1338
458
458
753
1633
1497
991
1633
1338
1225
1338
1338
398
1225
1225
822
180
1224
864
838
1225
1225
1338
91
1338
1447
1447
610
952
1618
1447
1447
1577
770
398
398
398
91
589
1224
1338
1338
991
144
144
144
144
753
753
1519
753
753
37
37
753
1180
37
753
1612
753
802
1184
1249
1184
1184
753
753
602
37
37
1355
1355
1355
1313
1355
1184
1184
898
1184
412
498
412
323
614
1184
1427
1147
331
753
753
352
727
753
753
955
1519
828
912
942
1392
1519
1519
458
458
1409
458
215
18
1376
18
18
1376
939
18
770
1338
715
641
1338
1576
1338
898
1524
1063
352
352
352
1329
629
845
1600
367
755
757
889
32
755
810
1600
810
810
1329
757
167
167
942
167
738
1217
395
1189
458
1066
652
458
179
1145
440
440
24
110
489
179
110
597
860
597
597
592
440
592
592
856
24
1436
597
597
597
430
430
597
240
1436
430
430
22
240
604
1541
722
597
597
291
963
597
572
1396
1217
951
458
164
164
164
164
164
164
1562
164
1562
1562
275
1562
458
1223
1223
1217
1217
267
1217
1189
22
1573
22
458
655
572
572
572
572
267
267
628
267
909
267
592
24
24
24
482
482
482
24
24
164
164
430
808
430
430
915
430
430
951
1490
951
951
1490
591
1519
812
1490
591
591
591
1490
812
655
944
1470
328
1470
1470
655
37
37
37
1470
1571
1394
1536
1571
1470
423
1470
1373
347
1159
1290
1470
1470
1470
1470
1290
217
1470
1290
1290
1290
1290
1290
1373
1234
1257
1373
338
1373
1290
430
1485
430
773
244
430
1451
1252
1451
1451
720
1485
773
773
773
182
430
160
1488
950
1086
160
1488
769
160
160
982
1153
160
291
160
47
73
763
1190
160
1327
1504
1199
151
497
1224
1327
1642
319
1609
1327
690
47
1609
1609
1410
1410
1609
1609
1136
830
1609
1609
1609
1609
1609
1451
1451
1224
1327
773
1410
205
205
205
205
524
104
205
205
1252
1252
753
433
607
324
119
215
433
215
1252
1252
1252
1385
1252
1246
1252
1252
129
129
1189
129
175
1542
129
524
524
129
1642
1642
1642
1642
243
214
214
214
71
773
773
1504
897
452
885
1504
766
1504
1092
1451
1292
1451
828
160
160
160
1609
1609
1609
1609
1361
1609
1609
1616
1616
1361
1361
1361
1124
25
310
1342
1342
621
1124
1124
1616
1368
1616
1355
1355
1355
1616
1616
1616
1616
1355
271
1355
1355
1355
1355
891
1355
1355
159
159
1355
1355
159
1252
494
494
494
215
215
779
1009
133
1527
1325
1325
1340
1325
62
215
368
215
62
62
215
655
655
1492
1492
1492
1492
1492
951
633
397
633
588
588
588
588
633
633
655
1156
655
486
722
999
1217
133
90
90
133
1073
133
133
808
512
808
90
90
90
90
808
642
430
1219
1219
729
1219
1009
920
494
1156
159
291
159
159
159
159
159
159
1217
1217
1458
482
1458
1311
1217
1299
632
1511
596
369
256
596
596
596
899
596
934
1217
1217
1170
1217
1566
1217
19
99
1311
1311
1458
1458
1458
1458
1260
1614
482
482
1106
482
482
1143
482
1454
817
499
503
969
482
1454
1454
1454
482
1592
482
958
503
118
154
129
129
76
503
1516
1361
503
1335
1335
478
478
478
835
478
1155
731
548
548
548
1285
1182
478
82
82
809
1296
809
809
809
1280
869
869
809
809
1539
1182
1182
1182
478
548
632
809
809
809
432
139
586
586
809
432
230
128
432
432
1458
1458
1160
1245
1458
1160
1165
503
716
503
369
794
129
1105
1256
129
129
129
1311
82
82
482
1101
620
482
1217
1217
105
105
1192
164
1217
473
473
473
1164
473
473
164
1217
473
546
473
473
536
177
1275
1269
473
1290
1217
1049
1275
1299
164
164
164
164
164
164
164
164
64
505
226
164
1163
226
214
226
226
819
1434
1440
226
355
696
578
1434
1440
1440
108
841
134
1440
1440
108
981
108
164
1562
828
1562
1562
1562
697
1562
1272
995
164
240
164
1562
593
419
593
419
1455
593
1206
593
1455
1562
1440
1440
593
64
64
64
1473
1469
1469
64
282
345
750
1311
492
64
64
750
1501
750
750
916
430
750
201
201
1473
1473
1473
668
1469
1426
1364
1179
1469
1469
1364
1364
1473
1473
27
652
1473
652
1037
133
652
1473
1473
544
1523
1473
1523
27
1523
1523
1523
1606
1606
1523
1311
1311
823
214
1436
760
214
214
214
1043
214
214
214
316
596
347
316
817
1157
316
316
525
932
819
578
578
1291
1291
578
578
1473
1173
1473
1473
1255
1473
987
1473
1068
1608
1320
1320
965
1473
1369
479
596
578
1269
1269
1269
1606
1606
894
1369
1607
1369
1369
599
1607
1607
1387
27
27
27
27
1361
374
1309
1335
1335
1502
580
1335
1495
580
580
1024
340
420
1616
151
393
1616
1161
404
256
151
151
340
580
580
580
580
788
788
1335
953
1293
1335
590
508
247
508
1041
247
247
71
1247
1495
1435
499
1382
1087
815
499
1498
1495
1435
1435
710
716
1435
1293
756
1382
508
508
508
578
578
816
508
499
368
1435
1342
1435
1342
1342
759
1261
759
640
1144
1261
1144
508
508
508
450
508
450
756
561
561
746
746
561
561
1157
894
540
540
1437
256
1498
540
838
1075
880
540
320
540
1473
1473
1473
1070
25
1473
1462
25
229
229
1473
1473
442
442
442
25
1142
741
25
25
136
136
136
136
169
741
1473
1500
136
878
136
745
136
1626
466
136
1483
1483
1483
1404
136
136
136
229
229
745
741
393
1290
490
906
164
1195
164
490
40
53
901
490
696
1572
490
1290
40
490
490
906
1572
40
40
1290
1290
1290
1563
1290
1290
858
1290
1508
333
1508
1220
1220
581
930
964
1047
1220
1373
1373
1373
1373
1336
1373
447
426
54
1492
54
820
447
426
54
447
426
820
1290
426
554
1492
581
901
581
1611
1611
1563
932
191
1563
1572
447
447
945
945
1371
1590
388
1371
1371
447
388
758
203
388
388
164
1572
1335
1290
1290
1290
1281
392
1281
1281
894
841
788
841
841
841
788
546
806
297
806
548
1269
891
891
191
1501
562
1501
1501
580
191
1494
580
580
1238
1494
48
1494
1494
1317
464
1317
1317
1501
1501
580
580
1238
1238
562
490
562
580
356
1206
1206
1469
1469
1469
920
1469
1469
1469
920
1327
1327
1469
1293
1505
1505
1462
464
464
464
520
520
214
343
214
214
729
1462
913
1462
1462
380
685
195
520
195
875
1024
523
1295
523
731
1335
212
212
459
1158
1380
1162
212
450
1162
212
943
459
459
1366
1563
831
1563
1563
1563
1563
1587
1336
1336
549
1044
339
1267
1634
1634
1634
970
1634
1634
82
1634
82
82
1299
82
2
2
82
512
1299
1547
512
512
1532
198
1109
512
1542
1358
512
512
512
686
543
536
198
198
512
1457
341
1439
1457
512
1083
512
512
512
1457
1457
512
512
966
966
512
512
1547
755
1368
1547
1129
755
1368
1368
1368
1129
1129
1129
1129
1170
442
442
664
442
892
442
442
442
442
1581
1503
1503
1503
78
78
1503
78
1503
1503
1503
904
474
474
371
1503
1129
752
1129
78
78
1231
78
78
1327
474
984
474
752
752
78
78
469
1043
469
20
469
1431
1181
327
1431
799
728
1431
469
1134
20
896
78
1259
1416
1322
1618
905
1134
868
20
20
247
1259
1618
738
1499
439
439
1478
1478
1478
1627
1618
1431
1416
842
1446
99
842
304
842
1446
1446
1590
1301
1446
886
1446
109
76
719
322
76
1497
76
1313
188
913
76
55
55
842
386
76
580
580
580
1461
1533
903
1461
580
580
76
76
322
1499
1322
1585
1174
1322
1452
642
1418
1322
1322
1452
1452
1452
116
1452
116
1206
1206
1418
1404
1418
1418
1418
35
1418
35
1478
580
1544
580
31
1544
379
35
35
35
35
35
729
1395
35
20
196
196
106
562
196
1395
196
1162
196
1395
106
106
928
928
261
390
86
543
248
928
86
390
86
912
743
390
928
1631
1631
1256
124
928
124
775
1639
1639
1188
1639
496
126
124
97
124
124
124
124
1433
1433
1433
124
847
878
124
124
221
1298
112
221
1589
112
112
221
112
1298
1298
1298
1364
90
90
1298
1298
90
1567
1216
90
439
439
439
1502
439
439
1298
1502
1502
1567
1567
90
90
90
90
90
126
126
1631
397
519
76
555
1631
76
116
116
247
247
116
116
1284
1284
516
707
307
516
116
385
294
247
1618
615
1618
1618
1618
928
890
1454
1413
928
928
396
890
1495
890
1495
1495
891
560
1495
560
1495
560
1495
560
521
560
680
560
560
521
255
560
1154
194
560
560
1137
1151
1137
578
578
1137
1137
408
248
724
380
1057
724
380
380
374
532
532
1036
123
123
1203
202
123
123
767
123
123
331
227
624
396
996
1119
928
1015
872
928
906
928
928
928
474
474
1359
437
1205
474
1359
1553
1553
2
898
2
538
2
948
561
547
593
547
593
975
512
593
512
547
2
898
512
512
802
1593
512
119
593
593
593
119
436
447
15
436
863
1013
863
270
435
543
305
447
436
822
1301
270
1301
775
119
119
492
730
436
436
1277
538
538
581
538
31
526
1254
31
31
31
128
1227
586
586
586
930
379
128
1227
339
452
452
586
930
128
139
128
139
139
1466
139
139
210
139
284
978
1466
1466
210
1601
210
119
119
1551
574
114
114
1551
1551
492
139
1227
1551
802
492
99
99
1618
1618
1618
1535
986
986
249
1618
1364
1364
1364
1618
632
1414
737
1618
1364
632
1317
480
480
480
1344
888
347
1317
1317
1618
472
480
480
99
1452
651
623
651
1452
1452
28
28
28
28
396
28
28
28
28
28
28
124
124
928
1368
1504
1504
1602
1368
926
1368
1504
1179
1179
553
808
881
808
441
852
852
852
852
852
1294
1280
441
441
441
441
1634
1634
1634
1060
1634
83
1634
1634
1375
1634
281
1017
1026
1375
1375
1634
1634
630
1566
1566
1566
1634
1634
543
1634
1375
138
1495
1375
138
1495
1495
138
872
1602
1602
1602
1602
1602
1602
247
442
319
442
63
1531
63
63
63
664
319
442
1216
1446
1446
537
1446
1446
1446
537
82
339
49
264
886
941
579
164
164
204
241
328
204
241
164
204
204
204
204
120
204
204
185
293
579
1000
579
886
358
886
886
538
1023
579
1014
1023
1023
886
911
911
1102
171
372
967
105
105
14
105
14
14
171
1322
1522
1322
907
1322
735
1522
1522
1522
1522
503
413
1522
413
1475
1475
1475
1035
1522
413
509
1280
413
1460
1460
983
1460
1280
999
1322
734
1522
1522
1522
413
1322
1337
1322
974
1301
1322
1322
481
481
356
1322
729
154
1322
1474
1474
1474
1337
1337
591
808
808
926
808
808
1337
1337
1337
563
1337
154
848
1433
1577
154
1058
768
492
1179
154
154
154
90
1179
90
90
1579
1579
1058
90
1225
1225
656
1415
1021
1225
1148
656
1225
848
492
1201
492
982
521
492
982
563
704
416
1397
1635
302
1635
1635
246
954
246
937
246
246
1584
44
1262
246
871
1584
656
656
1348
1348
1348
1348
1348
129
881
885
129
1348
1635
1635
1635
1521
924
1333
924
1635
1333
309
309
1474
143
143
143
436
436
337
436
543
143
143
1457
216
216
981
1457
1457
1457
1457
1457
1457
466
1457
466
466
466
216
981
1048
299
939
1352
939
1048
135
1520
1520
1048
402
796
466
466
1109
247
247
905
905
905
1359
1359
343
990
185
1359
1359
1359
1577
1577
990
556
322
322
322
322
322
322
457
110
990
990
1414
1308
323
1414
1632
1632
403
368
403
403
855
750
409
598
518
598
598
750
409
750
421
1047
1047
1118
739
739
1506
739
868
739
1406
739
739
1359
1359
1359
12
1559
1559
7
7
715
1559
1559
1559
1359
310
1390
260
1458
1518
775
1458
1418
310
1536
1536
1536
1390
1536
412
1536
1536
708
1458
1458
739
431
431
994
561
431
994
561
1090
315
315
968
1536
1536
1536
1248
1536
1536
1017
1362
1222
1362
1362
1362
33
1362
1362
1362
1362
343
1362
160
662
1613
202
1613
1613
202
1265
202
222
202
137
110
137
137
137
137
517
67
202
792
137
502
33
595
595
33
33
33
118
118
118
99
802
33
927
33
33
33
33
221
33
7
1548
750
1206
1548
412
1548
1615
1324
1615
224
1615
33
390
390
412
177
252
412
412
742
412
412
412
306
412
576
576
1360
804
1097
576
401
920
576
1360
1360
1401
1360
1360
1243
1113
1360
1343
1343
1360
1360
1616
1616
1177
813
1616
156
406
1616
94
638
813
813
929
156
838
156
156
813
813
122
190
122
1133
190
122
445
445
1640
1640
1640
94
94
1437
1437
1437
156
156
813
156
1163
156
1389
156
1297
896
156
1389
1389
1113
1615
813
1378
1378
1378
1264
94
781
94
94
576
1360
1360
716
380
390
979
1450
909
1450
1450
979
1450
1450
909
1455
1126
909
1590
1332
1332
599
747
599
505
209
505
505
505
1393
982
505
1502
505
1499
1499
681
1154
1245
822
153
153
153
153
153
153
1547
153
153
855
684
153
153
153
658
90
1027
90
1469
1469
774
745
1469
1469
1081
90
90
377
90
90
90
90
1402
213
509
90
90
425
425
1020
425
90
90
282
1311
90
90
90
90
90
1027
1063
1063
1443
1443
1443
1443
1443
437
437
437
535
437
172
172
535
1576
659
172
1381
1197
1054
1133
383
1419
1419
1227
617
1227
1444
1454
1444
1431
1431
1444
1444
1444
648
1444
1431
1349
1431
1349
1349
359
1349
1431
439
1431
266
1431
1431
728
134
730
504
504
439
589
439
439
439
589
439
462
578
1349
1469
1349
1349
1469
1469
578
1025
578
578
1019
578
578
1131
435
435
405
435
504
504
504
871
1081
504
578
578
578
578
578
578
1619
1239
578
1619
1271
1073
1447
1447
1095
1619
1447
1589
578
105
105
508
578
728
105
105
1519
105
105
1519
1144
561
1519
561
561
1185
990
1519
1519
589
64
64
64
835
399
491
491
64
80
64
80
399
80
810
810
31
453
1017
589
589
589
589
810
453
782
508
836
1469
1289
814
1289
1469
1469
501
1452
858
720
1357
234
1469
859
1092
1610
1469
1423
1469
56
1452
161
501
623
1452
1349
1610
1422
195
195
501
917
148
148
149
93
161
161
1469
610
436
623
806
83
806
1610
1610
1357
221
56
56
56
480
1183
522
480
480
301
436
436
436
436
914
436
436
1634
56
83
149
149
149
1452
20
1357
20
20
1469
623
1461
1469
1469
1469
1461
1461
1469
1469
501
806
93
20
20
920
550
195
195
195
163
1123
163
571
831
531
163
571
50
319
1213
531
531
195
20
301
234
1452
761
426
1045
1452
1452
302
1452
831
50
748
511
1560
50
50
50
973
780
404
404
50
50
507
1403
1560
24
24
24
675
24
50
1282
1164
1369
1369
1369
951
145
1369
1407
1403
404
24
224
24
1282
404
950
407
404
404
1626
225
353
404
353
1282
806
1634
1634
1100
1634
1634
161
161
814
814
1120
307
1282
1124
814
814
814
1120
161
161
474
161
161
912
161
1169
1169
161
980
1112
1124
1112
1272
714
1120
1282
1282
1282
353
1357
1016
511
511
511
1026
511
1328
1045
1328
726
1328
922
922
922
731
1328
511
1045
1151
560
560
1149
560
560
1240
1149
1149
560
391
560
1328
299
12
1313
359
359
1328
1328
1328
1328
152
152
1170
152
152
804
804
1274
1313
1313
1313
674
1313
1240
1240
735
1045
104
555
104
240
971
1109
971
1642
178
329
146
756
1219
864
1219
1219
756
1642
862
862
1642
904
1642
1211
1211
282
1211
1211
1021
693
131
1383
1211
172
1613
1232
1211
1021
1554
138
138
1447
1642
1447
1554
1554
1039
1554
417
1554
1554
1554
1554
1554
1554
1039
1613
1613
1219
1219
1219
1219
865
405
1447
1447
104
529
1206
104
903
146
146
555
1514
555
1514
1514
1149
145
833
145
145
833
1015
328
145
1422
1422
163
1024
1412
163
163
1412
1383
1407
562
562
848
1313
508
848
1289
1289
1490
958
1289
508
1289
1289
1289
520
1289
1289
1289
251
1348
1289
302
1289
520
413
405
405
227
969
244
602
1190
601
227
413
227
1190
413
413
1103
53
897
1078
413
1348
853
780
1078
644
1078
927
729
1366
571
131
1198
1208
927
873
1078
1162
729
178
1348
488
59
59
59
1334
488
488
59
224
1305
67
67
1305
1305
488
48
488
488
488
462
660
488
1348
1348
1348
845
59
59
59
59
59
59
59
723
59
59
557
59
529
529
526
391
1289
1491
529
172
1289
1339
1309
1339
1339
1339
340
1607
1607
1632
38
1607
1607
1607
768
1607
1491
38
526
526
526
526
885
1289
1289
1289
1289
1497
1356
413
1497
511
511
1356
54
230
230
511
511
1078
1078
1478
907
833
1478
826
1078
907
230
230
230
230
230
230
54
54
54
1324
1324
379
379
54
1379
54
54
54
379
1324
379
333
1320
379
1320
1320
1368
695
1320
1119
1312
1324
1324
315
1324
1324
315
143
143
481
143
143
641
481
481
481
481
481
1165
481
481
641
179
841
179
179
1324
1107
179
460
179
179
179
1374
1262
179
1050
924
924
1478
1454
1175
390
1478
1478
1478
1478
790
1175
1454
1454
53
1454
1454
1454
228
228
874
228
228
1454
1454
164
164
537
164
164
81
413
164
81
413
164
164
1199
808
808
81
1337
388
388
1309
1309
81
874
1587
1634
1634
1634
1567
1374
70
81
81
1309
1309
7
7
379
179
159
761
761
1612
395
1612
159
159
159
159
1119
1050
1368
885
574
574
574
574
335
574
574
10
10
1222
939
1533
10
10
10
10
1222
1222
1612
1612
1372
1612
83
1011
1612
83
1011
1551
1551
1551
1551
1551
1200
335
1551
1499
1551
447
447
76
76
1045
45
1255
76
76
1499
1295
1499
447
83
1372
1372
1372
675
1290
203
1621
337
1372
1326
1372
742
1391
1290
1164
1621
742
1621
1290
1290
1290
1290
413
33
761
350
1485
1290
316
316
1485
1290
1290
1468
1451
1451
1451
1451
1451
1451
1290
1290
1455
1406
1455
1451
1455
1623
1455
1401
1401
1401
1468
406
1455
893
413
1455
413
871
1455
1211
1455
1462
1462
1455
1455
1455
1455
1455
1462
1512
1512
1485
1455
45
45
982
1438
1451
193
193
193
193
193
1451
1451
1462
1017
218
1462
45
681
382
230
45
230
396
230
311
230
45
492
492
492
1245
45
45
45
45
1011
735
1290
1011
255
1011
161
513
1351
161
513
513
513
513
161
412
412
735
1400
856
1400
1290
161
563
161
161
563
370
230
230
230
544
1551
230
62
62
1283
1391
56
230
1551
1551
136
152
152
819
128
152
1551
136
136
136
230
1173
230
230
230
62
62
230
573
1212
230
1078
416
150
1408
230
905
1357
648
1369
1357
865
230
230
181
701
1023
230
150
150
150
150
540
56
55
55
56
157
56
157
157
56
56
635
322
56
136
353
1482
163
1430
163
322
632
819
56
56
640
1315
1315
1439
1315
1315
56
540
745
899
1578
745
55
1608
1608
344
1608
673
1608
1306
1608
1306
507
644
1603
144
119
275
144
99
275
998
1358
138
507
507
1603
357
444
1603
338
444
641
351
695
886
444
1371
444
444
444
1358
1358
1463
1274
1358
1358
83
507
507
926
211
211
507
507
507
507
1273
507
507
860
441
1356
441
571
316
441
441
404
316
404
531
275
211
211
211
211
211
899
211
444
1237
119
119
1356
863
863
1340
1340
1340
1340
1473
1473
1020
1340
1340
1340
1340
1479
1479
1473
1221
193
1221
119
473
119
1243
1557
1473
23
23
206
1316
23
1473
1473
23
23
1078
23
1078
1156
23
234
945
23
945
419
23
1040
234
1078
886
886
886
1221
671
358
1372
1350
1384
544
544
544
367
544
544
544
235
1253
784
1623
1393
1623
204
1623
165
958
204
204
1572
123
123
941
614
413
1008
413
1008
1008
383
1316
57
57
1316
402
1316
630
1316
57
1242
921
924
924
57
937
10
10
1460
1460
1212
1102
1156
230
8
8
230
879
1213
230
230
230
230
230
58
230
13
835
230
1213
58
71
230
230
1177
230
230
230
230
919
32
32
32
574
573
689
573
1211
1211
26
127
1539
1105
1265
563
1168
127
144
746
1265
392
360
127
392
144
338
360
613
144
1265
1168
144
144
803
1537
144
690
443
443
1403
443
581
443
1142
1195
443
443
443
1211
1211
581
581
1168
563
563
538
724
538
628
538
538
188
1535
188
1211
351
1263
1265
1265
856
181
817
181
817
1316
1316
867
801
1265
1478
1478
1199
501
156
156
156
156
156
156
1567
679
902
156
156
156
1567
156
156
156
1567
1567
1567
777
1567
189
1567
1188
1567
204
1332
204
767
886
886
1446
886
1209
1209
1209
535
535
535
1209
205
535
886
407
407
152
809
152
809
809
152
163
1431
95
1431
95
1327
1327
163
1431
1431
1431
613
1431
163
1290
205
503
205
205
66
613
557
632
503
1420
1420
1420
581
503
289
503
503
642
503
503
1275
262
503
170
503
503
881
152
1272
245
163
447
858
688
163
791
791
791
1290
647
1338
1290
1290
1290
570
570
1290
289
1290
894
264
1290
1290
890
1290
1141
1290
1290
1290
289
205
738
205
205
1431
947
1431
678
1550
1092
1092
1550
947
27
1357
947
1545
329
1357
1357
1357
1331
1357
971
742
27
503
906
505
1118
107
288
1118
1545
505
505
505
505
505
1331
1384
1384
505
541
801
1254
1331
1331
27
27
27
199
199
16
709
728
16
281
199
199
199
1357
778
742
541
541
541
319
541
541
1550
1550
1634
1634
113
1526
1550
565
278
1395
499
1550
1308
1550
934
827
1550
1550
499
1057
66
499
499
1634
1634
1634
1079
1634
1617
1634
934
1550
499
499
113
113
382
1096
1550
1550
1550
1550
1550
1550
1638
1120
611
1638
40
40
1120
896
1638
464
464
464
455
455
464
1638
1033
1339
610
1593
455
455
455
455
368
1339
1339
1339
1593
1339
1339
1339
19
19
1550
1305
1305
1295
1550
1550
704
1550
920
1597
1305
1305
1305
316
1305
1305
464
1319
499
499
216
1617
1617
1305
1305
40
1121
1504
183
571
1455
1455
1121
25
25
1121
1011
186
1011
186
476
476
476
476
460
4
460
454
460
500
171
171
1199
1504
476
476
395
951
951
333
476
501
476
913
1422
476
4
1226
1226
1226
1455
1226
500
500
778
166
232
196
166
129
166
166
778
232
1229
1627
1261
1627
1627
232
1627
565
1219
565
534
565
534
534
819
534
819
819
819
216
216
746
1278
76
1290
1290
586
1179
148
74
1179
148
1290
1290
1290
1290
1290
23
23
23
1395
23
23
23
23
316
316
316
737
157
157
316
923
37
37
157
157
1131
157
157
157
157
157
157
157
157
157
157
157
157
961
54
54
54
94
54
1269
54
1399
1269
1399
94
54
185
649
460
230
230
230
230
764
874
783
1492
1492
1492
465
465
230
1491
367
15
15
1012
1191
15
1301
15
15
15
145
980
1610
981
145
401
1610
639
674
772
1592
674
1613
1613
15
70
202
1164
15
15
15
740
71
71
212
345
212
212
212
510
510
212
510
1401
510
510
510
510
510
510
510
1060
905
1298
1118
338
1060
510
510
1491
552
202
1537
202
202
108
202
202
1040
462
202
310
202
202
179
179
197
197
1456
1456
108
1419
1419
1464
1501
1419
1419
179
1200
1540
134
749
352
1540
352
134
134
134
134
1086
127
728
656
127
134
127
1540
202
202
202
71
1592
1164
202
141
375
444
202
668
1225
444
202
1225
1295
1295
815
980
980
1328
1328
1328
1328
986
1275
1577
103
1375
1275
986
1275
1425
222
1275
1375
1375
1456
1456
1345
1186
1345
1345
668
668
552
552
253
145
1419
1419
1298
1060
1540
1540
656
555
866
224
656
555
555
982
656
791
179
1540
1540
910
510
1342
1297
905
45
1002
1131
342
45
45
45
45
45
1580
447
447
447
447
447
584
474
474
475
235
474
475
475
474
1284
447
773
521
537
1284
521
166
963
715
228
521
150
997
166
474
476
1453
474
150
150
150
96
447
229
447
150
915
1453
970
1162
1453
1027
1337
537
1337
1453
970
338
773
1383
45
96
1127
101
1465
96
96
96
1465
1204
1465
1465
1621
1621
574
1204
161
134
161
161
1327
1327
249
249
912
1310
1310
771
1310
1327
1465
1465
1631
1226
1465
89
1544
1465
89
118
1465
1142
319
118
89
1226
1244
1226
1621
1621
1621
1621
236
1621
1475
1475
1621
875
875
1621
1475
1144
1475
1475
1204
1204
1204
1638
852
1638
1638
1638
1475
438
438
925
438
786
1351
1351
1475
1117
1135
1475
1428
438
1456
149
438
1456
149
1517
1517
1351
1351
1351
1519
1351
1351
1351
6
1351
501
1258
962
1351
1519
501
501
1456
1294
1519
438
438
962
1351
1034
1351
1351
1351
1351
1351
1351
161
1327
1327
241
636
1327
427
209
770
427
427
209
1327
361
361
324
324
503
283
503
922
503
503
503
503
770
1621
1621
1621
1621
1621
1631
1631
1548
1342
465
663
742
465
953
1548
616
1495
31
1495
31
762
31
122
1541
837
594
31
292
31
1342
832
1342
1182
1061
1587
1342
1342
1342
1342
1342
1342
616
742
762
616
616
616
292
832
832
984
984
150
1238
150
150
150
636
89
695
1048
1204
1529
1179
1152
1204
1204
1204
987
1204
6
6
515
515
515
515
515
1455
1455
1455
1455
1455
471
1455
1455
1455
713
617
471
192
471
471
192
192
192
192
1078
192
192
192
1078
1078
62
62
62
1031
388
1078
388
471
299
471
471
471
192
540
923
77
1064
192
192
923
843
913
533
923
923
923
360
923
923
360
117
1314
1314
1314
1314
843
117
112
663
112
117
117
521
521
490
490
1103
616
1241
627
587
367
1241
1086
616
1263
616
521
932
932
932
932
587
447
447
447
447
447
447
23
23
23
1631
23
1595
23
1595
1631
23
1108
23
23
23
1454
1454
1457
1454
1082
229
1274
1274
497
1274
497
497
800
497
293
293
497
1124
520
276
276
1356
1260
681
559
559
524
1148
1412
681
1356
639
1052
1356
416
559
96
96
704
579
579
681
1148
579
1356
1356
1356
308
1356
1156
1356
134
1452
1452
1452
1452
1452
466
1327
89
1452
1327
512
996
1327
565
565
876
1452
466
1629
466
1327
512
1636
277
1081
1636
277
1006
300
1452
1452
1452
1452
540
540
316
540
540
1369
46
733
1369
316
526
526
526
526
526
733
277
805
1147
820
29
29
277
277
29
29
1404
598
983
29
622
1385
598
598
696
1090
1385
831
510
510
435
435
1318
1385
537
1275
979
979
1275
537
804
537
599
599
510
598
583
29
29
29
29
1275
108
258
1275
537
537
375
537
1332
1332
1633
1229
588
640
1633
1332
1557
588
281
588
1332
1332
640
1633
1097
95
196
1362
1633
565
1229
281
565
712
565
565
94
1229
1288
1526
435
435
435
583
601
1392
583
1392
1392
199
53
746
199
1188
53
804
804
804
492
1393
492
1494
1273
501
889
492
103
103
501
501
945
501
501
945
945
103
1214
1214
1214
501
1392
501
501
501
501
501
832
1557
1557
1557
1175
1288
979
1497
823
1497
1497
622
622
178
178
1629
1468
1558
1468
123
123
1362
968
381
381
123
1468
273
1468
167
792
167
273
167
383
123
123
378
853
1278
123
1278
1278
123
397
397
381
381
302
1558
1479
1479
337
1558
792
872
1629
693
58
693
1341
539
827
1341
693
1629
693
247
1570
1177
247
1619
1528
247
1528
1411
1452
1452
1452
1452
395
1452
934
424
97
1452
361
934
395
97
934
589
1557
1557
934
435
435
435
435
594
1638
435
1521
594
594
594
1521
1521
1534
435
435
435
435
1533
975
435
435
1336
435
435
1343
1336
435
1231
947
1336
947
1252
740
740
1534
1534
1534
1534
752
1534
1534
752
752
285
435
435
396
435
435
1541
435
742
362
742
1631
1276
1631
447
447
71
414
1276
1147
71
71
233
878
233
233
1148
233
7
71
227
1210
71
281
1210
362
1210
1499
1210
528
242
1482
633
1612
493
493
493
493
725
725
1499
738
1210
127
1210
1210
493
242
1603
41
633
280
1603
1603
7
1612
227
1612
1612
1407
633
1393
1482
420
1482
83
1482
1482
724
239
724
724
1482
691
331
1267
1197
1252
1252
267
267
690
1482
1482
1482
710
1482
1598
1482
1212
542
1557
1557
1557
1038
1541
1557
1557
1557
1557
1557
151
94
583
973
583
973
1353
171
1353
531
1353
1353
1289
531
171
171
171
583
583
1298
583
626
583
583
351
583
357
615
583
583
431
829
559
829
559
431
431
431
431
431
431
431
1080
431
1599
1599
1210
1599
1599
485
431
509
431
1613
1613
1613
438
438
438
438
438
451
438
731
859
1245
438
438
1426
1163
1210
1210
1599
1599
451
1283
1283
431
93
483
431
431
162
431
162
265
1613
1613
379
379
379
379
379
379
379
252
379
451
451
451
451
1284
451
451
451
379
830
74
379
440
3
440
440
1303
1134
65
1230
440
440
1230
1521
379
485
709
65
194
965
965
65
65
194
194
194
194
194
626
194
1100
194
194
137
138
138
194
194
194
194
138
1556
1556
483
680
845
38
451
1232
1338
110
129
451
451
1338
451
1169
570
570
451
4
211
1095
613
316
4
1338
1338
1338
1201
1272
1560
1520
1560
503
451
1314
451
451
110
110
1560
1560
1560
27
1560
1560
1536
1536
548
401
1536
685
27
1169
1169
504
706
371
504
504
1222
371
129
1169
110
914
110
570
542
570
570
570
542
211
1169
580
580
1169
1169
1144
1169
1169
784
580
946
946
1201
1232
548
548
548
255
1030
548
541
548
548
454
548
541
541
812
812
171
171
171
644
583
529
338
204
204
1475
204
583
204
204
1163
1059
79
777
1254
1475
29
1475
29
29
777
685
29
79
1151
204
1392
932
1598
204
204
204
529
1338
1601
762
517
517
1601
1601
259
738
1338
924
705
1338
1338
1338
1262
1338
185
1106
1338
926
150
1551
1338
1338
1338
118
1038
926
118
529
517
997
529
1355
1355
338
812
819
590
1338
1338
1355
446
1355
446
1355
1355
1355
1083
204
204
1262
1634
1634
541
1355
491
491
1355
940
851
1355
851
1355
491
491
491
1211
1211
659
808
808
1211
547
343
1175
547
1175
1516
547
122
547
547
547
547
1373
606
1397
20
881
631
1373
1061
4
4
520
520
20
172
365
1274
365
20
547
969
527
547
780
547
412
769
412
547
670
1284
1284
1284
207
1284
207
207
314
314
1492
659
1072
207
1416
815
207
815
804
1586
1416
881
213
1319
213
1416
1523
1523
864
804
1158
122
1516
1072
1066
926
926
861
1284
413
413
413
896
1139
1211
1211
1211
1129
1211
1211
1129
1129
1129
1334
1129
1334
204
204
489
107
204
204
204
107
107
810
810
810
159
1374
55
943
1370
1309
55
1094
72
1374
595
943
1240
1309
1309
1370
1370
1039
1370
1370
852
700
1159
1370
1370
1463
1370
810
159
159
1370
1370
72
316
1434
159
1229
159
159
159
1566
232
316
1401
169
169
810
1309
1309
1309
1566
667
780
1566
159
159
684
1483
1483
200
1483
316
489
489
633
900
898
595
1146
1227
148
662
106
812
106
1383
1227
719
442
442
442
442
1131
129
1143
1116
442
442
106
148
852
716
418
273
1106
72
462
610
462
462
549
1077
1003
784
462
1428
462
462
852
1269
852
1269
489
489
489
489
489
489
159
159
159
834
592
592
159
159
159
159
1232
303
303
159
303
1151
118
118
118
924
924
924
590
590
590
590
590
907
590
907
1061
659
659
943
943
1118
943
1090
1118
314
314
107
1107
107
107
107
924
924
79
819
79
819
924
1037
678
237
142
237
237
237
237
237
237
237
1637
412
27
27
790
852
863
759
503
420
1190
503
503
1433
1433
1433
1637
1637
1637
1637
1319
1319
412
245
412
284
1324
412
1324
412
412
412
412
412
1319
1319
258
118
112
118
521
118
118
118
118
118
954
83
118
118
870
118
118
500
83
83
83
1386
83
1442
1472
1442
410
1531
658
1412
658
1472
1412
1216
1531
658
1442
1442
1220
1220
742
742
1216
906
1386
1386
83
612
83
1278
113
113
1278
1167
1278
875
875
1278
875
199
199
1187
1463
415
448
362
448
1463
1463
55
1120
55
953
55
55
1467
55
55
55
55
55
1467
819
452
1112
633
377
1120
452
452
19
452
1495
452
452
79
452
827
19
79
1337
79
79
79
79
1495
942
287
1495
452
1120
727
1560
1560
1560
492
724
724
433
492
492
492
492
492
767
1562
492
492
42
492
492
1562
492
492
848
42
1136
1076
42
600
929
929
720
720
720
720
1175
1041
1175
188
1041
188
188
188
188
520
188
39
39
92
92
39
254
39
289
1599
92
1599
537
1599
694
1599
245
73
1599
73
1533
1599
1599
1599
1599
1599
1599
920
537
1497
446
864
446
1137
1137
1137
1497
714
1599
909
1599
368
1569
954
1599
1599
1599
1599
1599
1599
1631
368
368
496
850
496
158
496
496
158
1465
158
158
158
982
1259
158
158
1418
158
158
158
312
158
158
975
158
158
158
846
158
814
814
814
814
1228
799
1629
1406
1051
1629
467
1629
90
90
1629
1629
1629
90
593
147
593
593
593
1330
470
470
470
117
578
548
548
13
658
151
566
151
117
1612
117
553
117
578
578
1190
1289
1289
1289
119
1232
119
1375
50
1375
1375
1156
50
1151
571
571
50
50
50
50
50
1558
1558
1143
119
244
73
73
73
1232
1558
1558
1558
571
1375
1375
473
1375
554
554
197
197
1080
197
529
98
231
931
1063
181
945
358
104
931
98
231
1449
231
1449
231
1063
413
1060
1060
104
931
931
931
1063
1063
104
488
442
442
442
442
442
672
1343
1343
1343
655
701
1343
1343
1343
1343
1343
941
655
1250
655
585
585
1242
538
585
111
395
585
538
1017
569
585
585
569
569
569
655
858
